,0,1,2,3,4,5,6,7,8,9,10,11,12,13,14,15,16,17,18,19,20,21,22,23,24,25,26,27,28,29,30,31,32
0,-10.887091,-13.792389,-7.7776465,-13.759291,-2.888007,0.24994831,1.6361492,-0.7591375,5.360366,-4.0427737,-0.73082864,2.2837846,-0.45327607,-0.58002824,-6.59069,-0.36998966,-2.178984,8.327143,-5.0176716,-2.852314,-2.311785,0.010117788,-4.7976294,-2.8126814,-1.0104773,-3.6967723,-8.035603,-7.8194494,-14.069527,-13.078439,-14.108227,-13.423568,-13.784798
1,-10.209545,-13.112881,-9.639929,-13.079636,2.2254894,-2.1567783,-4.5037947,0.10453996,0.09359889,-5.2858205,-3.9224226,-2.2499137,0.29626796,-4.7501435,-1.6438686,-5.320646,-2.2155244,-2.6150157,8.575406,4.756868,-0.4449892,-0.043163914,-2.2584302,-0.60101527,-1.916788,-11.0269165,-10.998674,-12.212908,-16.241125,-15.8926115,-16.20651,-15.969681,-12.980486
2,-11.039364,-18.900976,-11.423061,-18.863472,-0.30396777,3.3194952,-1.5931593,-0.48033,3.5637362,-3.5048566,-2.5309074,3.5587647,-1.0136092,-4.383143,4.4167986,-2.5696704,-1.1677716,-0.5617632,-2.5281646,-3.6063619,-1.3871841,-1.9147872,-6.011796,-7.515593,-7.934641,-12.045257,-11.930227,-11.017948,-14.45193,-14.29269,-15.080316,-15.288107,-18.759119
3,-13.343977,-21.77502,-15.407639,-21.775373,2.5456803,0.75846183,-4.7868495,5.68238,0.5744097,-3.548472,-3.0592492,1.7943329,4.5467014,-4.043661,-8.430948,-3.5665405,-2.3504279,-3.5022693,-0.49805665,-3.5224962,1.2524326,-3.6381047,-4.338889,-6.1112337,-8.031522,-14.802661,-15.383239,-13.536402,-15.484008,-16.05393,-15.133813,-16.567638,-21.734083
4,-13.456988,-19.094103,-12.4351,-19.070507,2.1044295,-1.774301,-4.856599,1.4119129,-1.0872774,-3.481739,-0.87808377,-0.097947314,2.1515174,-4.85918,-1.5822282,-1.7208766,-0.84792715,-2.3051329,3.61038,3.0939996,0.7124165,1.0419388,-1.5000656,-3.4711335,-6.5374045,-13.465387,-13.212273,-13.396655,-15.572994,-15.874835,-15.409513,-16.632633,-19.042082
5,-10.286121,-14.613655,-12.2675905,-14.553535,4.667349,-1.9242809,-3.7256045,-1.0072143,-2.3103738,-2.8003657,-3.1291764,0.21905664,1.8844956,-4.640904,-0.49794158,-2.5684013,-0.23567553,1.1116859,-1.8906757,-3.396922,6.539871,-1.3533581,-4.9111786,-3.6314292,-6.66019,-11.390347,-10.726978,-11.51165,-14.876546,-16.132694,-14.500878,-14.836802,-14.597033
6,-14.93452,-21.736208,-15.5019045,-21.778803,0.5298115,0.61742955,-1.7787365,1.3102695,1.25558,0.96021396,1.098561,1.9845128,-0.18088093,-0.8412674,-5.4485993,-0.49612397,0.71259797,2.0413003,-1.438506,-1.2509137,-1.5277662,0.3134853,-2.9898956,-4.802714,-10.173094,-14.000339,-13.762307,-13.400581,-15.212709,-16.002928,-15.303462,-15.776941,-21.700394
7,-13.047236,-17.298265,-11.960555,-17.334528,0.22756061,2.3090456,-0.16244094,1.0856581,2.2202737,3.6047394,-1.4063166,1.5747248,-0.72275776,1.4796565,1.627716,0.9103674,0.8064429,-1.0404099,-2.4666367,-4.2150054,-1.842582,-2.0659971,-4.8712587,-2.5941796,-6.6210723,-10.802549,-12.27739,-10.7554035,-15.231647,-15.158434,-14.590095,-15.092579,-17.248493
8,-10.018723,-13.297511,-11.202423,-13.201652,-0.63148487,-0.52240884,2.0715055,-3.449081,0.3551369,-2.9796958,8.850597,-2.2440012,-3.2428584,-3.7198243,-4.1523747,2.9331682,0.46001327,-0.0512381,-3.0800288,-3.8748832,-0.5522027,-0.887766,-2.7102787,0.43950242,-7.626474,-13.565856,-12.333214,-12.348625,-14.20929,-14.183944,-15.828218,-14.686989,-13.232886
9,-12.450703,-18.918068,-11.014919,-18.91672,-0.8632898,1.9509543,-0.29213792,0.7733923,2.1485538,0.8002309,-1.8318455,2.1732728,-0.41765362,-0.3041724,0.4462742,-1.6943343,0.57539654,-0.56415725,-2.0461948,-2.1714325,-0.34305093,-0.3909281,-3.1514196,-0.8890119,-6.586875,-11.150955,-12.342772,-11.776551,-15.265229,-15.673928,-15.774369,-15.32569,-18.861637
10,-10.291744,-22.039936,-10.90451,-22.00708,2.714369,0.8953119,-1.5377587,4.925011,-0.4356045,-2.6077237,-3.8381522,0.60604614,2.4843962,-2.1936595,-1.8269284,-3.2202234,-0.73279697,-1.72328,-1.6235744,-3.4270923,1.5674717,-2.1122782,-5.19095,-5.1612544,-5.056096,-10.743622,-11.860075,-10.400135,-14.317237,-14.681928,-14.490348,-15.28206,-21.997019
11,-12.807078,-17.848595,-12.998187,-17.873236,0.1502316,1.1090574,0.13137308,0.3373226,2.3237898,-0.77066976,-0.029680979,1.7300498,-0.6303991,-1.273578,1.6142625,0.7314087,1.2663742,0.68104136,-0.21301195,-1.6361445,-0.9004654,-0.30473718,-4.4410777,-2.3260937,-7.408866,-12.615538,-13.701729,-12.713366,-15.776157,-15.852582,-15.65491,-15.802397,-17.87122
12,-11.548338,-17.017717,-12.068731,-16.96807,-1.6056955,-1.5437235,-0.6537063,-2.0039194,0.1398122,-1.1057613,7.019563,0.14829835,-1.6380988,-3.1164453,-5.686547,5.861766,1.3536211,0.27201512,-3.539349,-2.8378124,-1.4986182,0.41016987,-1.5417231,-2.3320408,-5.999704,-12.117278,-11.999511,-11.374283,-15.764693,-15.471175,-15.376679,-14.961618,-16.910192
13,-6.9450903,-6.490064,-7.2599854,-6.4317555,-3.6091292,1.0182333,10.1205225,-1.1871785,2.4036715,-0.3670232,0.15376253,-2.344367,-2.509049,1.378498,-5.291805,-3.6288736,-5.2485766,-1.2469687,-4.197191,-3.5939822,-4.923078,-2.3634293,-3.634463,-1.0774589,-2.3778634,-6.160671,-8.270665,-8.493236,-15.214975,-14.076523,-13.877133,-14.709307,-6.479618
14,-12.834214,-17.298836,-12.752517,-17.318958,0.28844893,0.16039413,0.43217602,0.29383337,0.93550336,0.6708966,0.4451711,0.43530032,-0.5376283,0.47494596,0.6965676,0.096285805,0.0018460122,0.17207547,-0.923247,-0.20508443,-0.94268847,-0.60905033,-2.251378,-1.6769073,-8.6273985,-13.271999,-13.374353,-13.491816,-15.241907,-15.760501,-15.567216,-15.729942,-17.3049
15,-13.077929,-17.205954,-13.239806,-17.205627,0.027651526,0.011899656,0.35368347,0.56570864,0.79604393,1.0304164,0.08094843,0.9627358,0.12204205,0.5891542,1.6671824,0.109675355,0.17904559,0.5481527,-0.36021274,-0.77096367,-1.170552,-0.08747774,-1.6785082,-5.5717707,-8.355361,-12.810821,-13.843107,-13.165109,-15.636874,-15.708031,-15.645666,-15.808026,-17.232962
16,-13.150704,-22.224525,-12.71852,-22.215782,-0.6804587,2.75788,0.6852085,1.6702046,3.5320394,0.41740233,-0.803635,2.0853992,0.16077697,-1.3398315,-8.3547,-2.312558,0.20809275,-1.0841587,-0.88847506,-0.8909057,-0.831846,-0.36051103,-1.40253,-2.864443,-6.9171114,-13.172558,-13.345676,-13.06927,-15.4783535,-16.138178,-16.007969,-16.152327,-22.170864
17,-15.086262,-20.310696,-15.338005,-20.300869,1.2335669,1.7958212,-0.06225606,0.4125611,0.883288,0.06948994,1.0451652,0.89199567,-0.7776686,-0.7253582,1.6559718,-0.89041036,1.0862495,-0.3669952,-0.9573759,-1.0170214,0.008617841,0.24725428,-2.8456314,-5.64422,-10.042571,-14.493083,-13.756307,-14.146783,-15.414288,-15.842878,-15.913904,-15.760847,-20.326864
18,-13.324659,-18.064787,-13.531873,-18.047754,0.7059629,0.2095437,0.36144912,0.40542665,1.4400289,0.9549102,-0.7999738,1.390652,0.05747813,0.84744817,0.68480945,-0.05629691,0.015984742,0.039421972,-0.44224954,-1.3404282,-1.1176037,-0.34972003,-2.498473,-5.20908,-8.941595,-12.500477,-13.753909,-13.071346,-15.440112,-15.687903,-15.474345,-15.850487,-18.074808
19,-9.920177,-20.239481,-13.19941,-20.156918,-0.66760194,5.7161994,-0.38375,0.37638167,5.011602,-4.2297745,-3.3806877,4.0468926,-1.8822844,-4.220344,-2.634304,-3.8539226,-3.3904428,-1.4312192,-1.5946237,-2.2583115,-0.06888234,-4.074363,-4.136244,2.530159,-6.7661204,-14.626947,-11.7697735,-13.200542,-14.581239,-15.645837,-16.229073,-15.516578,-20.158554
20,-12.504603,-19.652845,-13.1825075,-19.678915,-0.65199345,0.3641334,1.5383742,0.21780857,1.3108641,-1.0764515,0.43389282,0.95291495,-0.55262315,-0.89695674,0.47764435,0.8842705,0.527282,0.8465378,-2.449798,-1.1165471,-0.78653747,1.6733587,-5.596573,-0.7194248,-7.9634047,-13.410037,-14.217306,-14.003031,-16.155653,-16.088049,-16.180935,-15.801792,-19.602587
21,-13.243604,-18.397614,-12.53052,-18.375957,-0.33486924,0.6224445,1.7098794,-0.55330837,1.7331575,1.2290869,-0.094191864,0.821977,-1.4082812,0.72122705,1.0532844,0.35226676,0.53294355,0.16413482,-1.5740753,-1.2760073,-1.6425458,-0.47816837,-2.9606109,-3.0582786,-7.115873,-10.68165,-11.548382,-11.893734,-15.447137,-15.679356,-15.313467,-15.619353,-18.40412
22,-10.536722,-13.375073,-9.873173,-13.343422,-4.023684,0.16569169,-0.32260528,-1.463863,0.50795317,4.3782687,-2.7469134,0.35612392,-3.1572895,8.612233,-0.9795298,-1.1944484,-1.0872802,3.418569,-4.2084327,-2.2278132,-2.8718402,-1.0075805,-6.543213,-7.1092997,-6.880774,-7.384778,-8.962674,-8.720905,-15.076906,-13.815777,-14.931076,-14.111552,-13.388028
23,-12.599813,-17.056335,-12.448409,-17.04794,-1.0558099,0.9795111,2.670864,0.36532843,0.6221862,-1.8709425,0.7545165,0.5018784,-1.5061939,-2.4890685,2.0989416,-0.44951937,2.9155786,1.2663304,-1.6499146,0.07521496,0.7167476,0.7996785,-3.6964047,-2.5236108,-6.75478,-12.908483,-12.778957,-12.692627,-16.130594,-15.889089,-16.506392,-15.900698,-17.01925
24,-12.519701,-16.480408,-11.49654,-16.520168,-0.70909804,0.6116406,0.8081184,-0.4298666,1.3908335,1.3801877,0.5949368,0.8223449,-1.5429395,1.0042255,1.7006732,0.86011684,0.5885322,0.7246208,-1.8404616,-1.6517508,-1.602802,-0.26929992,-2.4192805,-2.633719,-6.042991,-10.201933,-12.204866,-11.254137,-15.421917,-15.524091,-15.433914,-15.540587,-16.446953
25,-12.464384,-20.39898,-11.5333805,-20.41331,1.4055879,1.2410583,-1.1936126,1.7087873,0.39119726,1.8532699,2.5778806,0.8029713,-0.57364196,-0.556171,-4.340148,0.64440167,2.292551,-1.4947388,-1.791702,-1.9979966,-1.1814442,0.8616142,-1.6862093,-4.6826406,-6.027026,-11.340506,-12.437456,-11.097775,-15.420911,-15.381472,-15.078589,-15.198282,-20.335014
26,-12.597246,-18.030968,-12.396817,-18.045092,0.13579376,1.2519448,-0.051789343,0.88073057,2.083914,0.045994643,-0.557603,1.542731,-0.059379477,-0.5771892,1.5760983,0.48423263,0.96784323,0.39996642,-0.509439,-1.9221313,-0.9756319,-1.0535812,-3.5337555,-2.794585,-7.869774,-13.205368,-13.927182,-12.980082,-15.604692,-15.655444,-15.495407,-15.816584,-18.026867
27,-14.616393,-18.168474,-13.610531,-18.216227,-0.19969279,0.047822908,-0.4585744,-2.0103948,1.4271376,0.36779687,1.7438806,0.12317388,-2.7462606,-0.36653167,4.651162,1.1934099,1.5566669,0.2677262,-2.2710505,-0.3694601,-2.2643468,1.1200076,-2.9735656,-5.0069976,-6.8087173,-11.823668,-13.550759,-11.786763,-15.528727,-15.769574,-15.705883,-15.926645,-18.089401
28,-7.594968,-11.988079,-10.193906,-11.964638,-1.0355743,-2.8195882,-0.5839946,-2.9698632,-0.3780124,-2.4751463,8.430741,-1.1512274,-1.7155308,-3.7609963,-0.76551855,2.5446787,0.18955879,-1.3536001,-3.5170257,-2.2076256,-1.0700446,0.92170864,-0.8754588,-0.9619351,-5.272343,-12.269804,-11.367882,-11.44541,-15.696184,-15.067359,-15.015306,-14.934894,-11.986226
29,-12.431694,-18.333511,-12.3857975,-18.333126,7.9092855,0.31144658,-0.8488422,3.915626,-1.6959137,-4.960802,-4.7598305,-1.6385505,4.5637426,-6.3483105,-1.7965924,-5.950813,-2.7635398,-5.057757,2.7626295,-1.141781,2.5449593,-3.135587,-2.2281632,-1.5543143,-5.6443224,-14.787891,-14.375851,-14.72961,-14.12582,-15.740341,-15.220649,-15.12991,-18.269316
30,-12.740422,-18.065092,-13.359409,-18.01408,-1.4927413,1.2408097,1.0950357,-2.6323657,1.4995753,2.3333569,2.5317554,-1.0939695,-4.3347874,1.9833202,-4.534966,2.9373279,2.319332,1.2047404,-3.2968078,-2.5671349,-1.9933105,3.0848558,-2.7147346,-0.7035224,-6.9253883,-9.877729,-10.96469,-9.578394,-15.216893,-14.649801,-15.498426,-14.0127125,-18.046236
31,-12.289075,-19.484936,-11.417331,-19.456251,-0.5809307,1.0797669,2.2169144,0.022085536,2.9157782,-0.045321207,2.4698014,3.1360066,-1.715991,-1.067061,-5.137401,-0.24928989,3.122279,0.0110074235,-3.8602347,-2.9911447,-1.2863276,0.9832469,-3.3387032,-3.4604375,-5.844832,-10.983172,-11.379353,-11.269632,-15.654301,-15.643841,-15.98474,-15.61406,-19.408758
32,-13.617892,-20.884117,-11.79925,-20.847576,1.8141987,-0.35845795,-1.1558623,0.26219374,1.3365337,-1.3692244,-0.33324397,-0.21823718,-0.71442294,-1.7812312,1.1306721,-2.3292847,1.1213179,-0.5852876,0.7988851,0.4439203,-0.8367476,0.83864343,-1.3457959,-5.6774535,-6.392116,-11.720701,-12.124671,-12.143572,-15.406271,-16.082634,-16.307035,-16.372396,-20.823418
33,-12.77577,-18.375546,-12.758658,-18.387323,0.2782334,0.024176948,0.08854915,0.9022074,0.66248256,0.5239205,-0.20995478,0.6159769,0.4600406,0.6219002,0.5296735,-0.4277305,0.22563411,0.35969365,-1.0747777,-1.0091927,-0.94808507,-0.15672746,-3.022121,-0.48461175,-8.8838625,-13.402112,-13.428461,-13.665842,-15.4006195,-15.972477,-15.862991,-15.940493,-18.386316
34,-14.327022,-18.943016,-14.278873,-18.941172,-0.13465497,0.48124775,0.587923,0.3480353,1.2226987,0.9398157,1.0730289,0.856918,-0.46556765,0.38428912,0.4442516,0.80510604,0.06608514,0.05319014,-1.1481137,-0.90539265,-0.96013916,-0.631737,-1.8490199,-3.924921,-9.796032,-14.045879,-14.150488,-13.953711,-15.535451,-15.711155,-15.720833,-15.768379,-18.929583
35,-8.247723,-12.006534,-9.1787815,-11.932852,5.2672653,-2.0677373,-3.7232757,6.673984,-3.3825426,-3.943737,-4.528523,-0.25607544,9.361801,-4.664092,-4.252023,-4.767996,-3.8816926,-3.0073385,-0.83770746,-4.4776535,1.6158208,-4.933441,-5.107421,-2.1175508,-2.884551,-12.823163,-12.81398,-13.1518135,-13.888894,-15.828975,-14.274259,-15.236971,-12.034144
36,-14.216067,-17.8837,-13.976044,-17.878584,1.0086131,0.70342565,0.010661034,0.57335293,1.2397453,-0.62291855,0.6747189,0.56833386,0.18659122,-0.71328837,1.4933115,0.8834354,0.018378504,-0.15289304,-0.21936516,-1.6002584,-0.7008428,-1.1944416,-2.1306484,-3.2148173,-8.064498,-14.209961,-14.458449,-14.077705,-15.882953,-16.239546,-16.126425,-16.023085,-17.864063
37,-11.402563,-20.266884,-11.007058,-20.249222,-0.8709796,0.29281196,4.964206,-2.2883182,1.3625294,-0.8245059,3.256993,-0.98433983,-3.4335709,-1.4119191,-5.443243,2.6221542,1.0153756,1.3420268,-2.8378959,-1.96266,-1.7366704,0.55823797,-2.0970151,-5.367112,-5.5651817,-10.091758,-11.202103,-10.85831,-15.675804,-15.2196245,-15.663875,-15.48543,-20.190422
38,-5.31271,-5.1560087,-5.6121244,-5.139798,-1.0754476,-1.5854336,0.4493354,-2.5645247,0.99663603,-3.978627,0.5995199,-1.9575667,-3.4610045,-3.311215,-1.8225853,-3.0530732,-3.0714397,-2.5306551,-0.62296224,0.10918333,-3.1001906,-1.8846816,-0.9588678,12.071237,2.6749532,-6.7367573,-2.2337842,-9.230777,-12.669383,-13.021838,-14.335743,-13.051802,-5.1306033
39,-14.600325,-21.511776,-14.716706,-21.499294,-1.2297251,0.69983816,-0.51229864,-0.3324669,1.2267544,1.1299405,0.46880835,1.7104129,-0.6860956,0.47303098,-3.529182,1.2892294,1.66653,1.9046342,-2.4576912,-1.5091531,-1.0090833,0.0034640804,-3.8698933,-2.1030426,-10.056588,-13.657163,-13.377192,-13.078283,-15.184988,-15.729922,-15.741212,-15.15906,-21.448175
40,-6.9450903,-6.490064,-7.2599854,-6.4317555,-3.6091292,1.0182333,10.1205225,-1.1871785,2.4036715,-0.3670232,0.15376253,-2.344367,-2.509049,1.378498,-5.291805,-3.6288736,-5.2485766,-1.2469687,-4.197191,-3.5939822,-4.923078,-2.3634293,-3.634463,-1.0774589,-2.3778634,-6.160671,-8.270665,-8.493236,-15.214975,-14.076523,-13.877133,-14.709307,-6.479618
41,-13.058633,-19.314713,-12.747215,-19.337112,-0.4764161,0.73133713,3.3728125,-0.56659603,1.1590738,0.74090517,1.1254634,-0.12635171,-1.7005156,0.803216,-0.0100187175,0.63591045,-0.02926018,0.7643439,-1.28945,-1.2012831,-1.6252284,-0.122248724,-1.4867265,-3.8402808,-8.306655,-11.73114,-12.726316,-12.647549,-15.972876,-15.5495825,-15.82041,-15.886566,-19.303225
42,-13.287468,-19.11424,-13.818614,-19.054558,1.588749,0.06366032,-1.6169715,3.0448503,0.7350536,-0.76784796,0.25152826,3.3439927,1.7772617,-2.566614,-4.202966,-1.6309282,0.10476942,-1.6765577,-1.0882845,-1.5469353,0.502712,-1.0339673,-1.5719516,-6.7171044,-7.251893,-13.086046,-13.8154955,-13.231231,-15.205824,-16.168995,-15.553624,-15.903661,-19.074173
43,-12.865224,-18.047535,-12.481084,-18.070105,0.72030526,-0.43024066,0.019957967,-0.02751686,0.96735424,-0.7293969,0.76881206,0.2968047,-0.18194978,-1.2690779,0.2479051,0.6804964,0.4912974,0.015747298,-0.1676763,-0.25901052,-1.1352926,0.044461437,-0.50263774,-0.7482234,-7.2451377,-12.372126,-13.701631,-12.728596,-15.808855,-16.038258,-15.870335,-15.819434,-18.02852
44,-6.98339,-10.669884,-11.863876,-10.7398205,-1.1752441,2.082931,1.6086109,2.1246295,1.0251478,-3.6611018,-3.552562,6.796136,-0.7427387,-3.483124,-1.1288649,-3.1167986,-3.9425602,-1.3216442,-3.2745416,-5.807752,0.7138796,-5.811289,-6.097577,-5.1107917,-8.473027,-11.324564,-11.188145,-10.83387,-13.242656,-12.637905,-14.503745,-13.81641,-10.645412
45,-7.972133,-10.262301,-11.715499,-10.2473545,-0.5422179,-3.0935717,-3.0739875,-2.0670059,-2.1317544,-3.0604477,7.4812236,-1.2575151,-1.4464432,-4.432718,-4.7745576,2.9942517,3.190131,-1.761866,-3.4382334,-2.0343556,-1.2829887,2.3702798,-1.0711892,-0.66799,-7.365711,-13.461773,-11.62104,-11.472159,-14.927432,-13.904975,-14.357868,-13.500869,-10.300393
46,-15.097738,-20.4056,-14.2391,-20.357876,1.5902373,1.1543686,0.31102622,1.3697286,1.417333,0.78476566,0.0053542224,1.8953527,0.19664602,0.63734186,-1.4856026,-1.835563,0.5040638,-0.8160848,-1.395281,-1.9612384,-0.39459944,-0.4772455,-2.6772587,-3.983783,-8.142541,-13.308228,-14.220946,-13.377796,-15.399321,-15.984783,-15.968626,-15.938542,-20.360975
47,-14.653646,-22.468912,-15.219519,-22.419205,-0.8620352,1.0352666,2.2855313,-0.6270609,2.7010527,-2.122533,-0.22308195,1.2042652,-1.7231033,-1.5584368,1.5115347,-0.8798475,-0.17952658,1.7795252,-2.0191092,-1.9982481,-2.0104313,0.28677782,-3.8768277,-3.7801764,-8.259895,-13.880115,-13.179241,-14.211533,-15.495989,-15.538463,-16.436567,-15.750498,-22.358412
48,-12.95345,-21.662067,-12.691457,-21.590834,-1.5223713,1.3956882,-1.4485022,0.6902574,3.2440953,-3.6226456,-1.8562108,6.4432626,-0.5084551,-3.6253893,-0.7870597,-2.3588204,-2.7864735,-0.20552422,-2.2991526,-2.9795082,-0.48535663,-2.604151,-4.9191813,0.0549995,-10.190925,-15.818725,-13.188102,-15.4155445,-15.52955,-15.785558,-16.291052,-15.266218,-21.497238
49,-13.78164,-18.319897,-13.341128,-18.294012,1.2440464,-0.008319207,-0.74700254,0.40290672,1.3757062,-0.34869537,-0.38888687,0.90967804,0.6098257,-0.7362448,1.2168787,0.16483709,0.24149486,0.029083852,0.16573305,-0.33618727,-0.75693554,-0.2239473,-2.0930476,-3.843506,-7.8012967,-12.695493,-14.027321,-13.09457,-15.657366,-15.888643,-15.778874,-15.862972,-18.324587
50,-13.752721,-18.533417,-13.926659,-18.527489,1.1341357,2.308848,-1.8932629,1.4469546,0.8915273,0.58958954,1.596163,2.160292,-0.062371098,-1.9412475,2.7729077,0.23946682,1.3030566,-1.7536356,-1.6965266,-2.2605042,-0.23646161,-0.57306594,-2.985899,-6.0234337,-7.1045823,-12.395324,-13.07596,-12.02162,-15.325584,-15.161654,-15.205785,-15.669792,-18.512785
51,-9.239767,-17.17913,-10.642559,-17.20133,3.8917117,1.6313075,-2.6646054,6.944341,-2.00915,-3.6265337,-4.504903,1.3108188,5.561454,-4.5497766,-0.9459099,-3.2971776,-4.2810664,-3.0547192,-0.39231038,-6.64319,1.6861867,-6.3535676,-7.2843704,-2.1101575,-1.6851542,-10.264151,-12.694844,-11.112278,-14.763283,-14.702145,-14.72972,-15.279041,-17.14272
52,-13.469473,-21.691267,-14.503871,-21.611416,2.7974868,-0.6297771,-3.1196415,-0.9224072,0.6644996,-2.8691187,-0.18267304,0.5896849,-0.27099717,-2.5516014,-5.6851077,-0.25852898,-0.11904054,1.3834356,1.0443478,1.5793815,-0.052899867,2.1750567,-0.5879461,-1.9733577,-8.707408,-14.295375,-13.636918,-14.290373,-15.088979,-15.603144,-15.855795,-16.345848,-21.65269
53,-6.506258,-11.427179,-8.474472,-11.442454,3.9225187,-2.5130827,-3.9017293,5.29347,-1.1872911,-7.6819525,-3.7339835,0.1853925,9.56823,-7.3845572,-9.053779,-4.0610237,-4.5438294,-2.8404405,1.2913072,-4.6435623,3.8269594,-5.2873797,-5.4339004,-3.7362993,-1.8336995,-8.003454,-11.11812,-9.448582,-14.513234,-15.001964,-13.866637,-13.703213,-11.281942
54,-12.384489,-20.25248,-13.752596,-20.255577,-3.0674036,1.5740972,1.9216002,-2.4138107,3.9466429,0.9537569,0.57609975,2.4536855,-3.2624876,-0.7777552,-4.2707815,-0.30789205,1.0977719,3.6067603,-3.4854126,-2.0304165,-1.807006,-0.6489242,-3.500698,3.2854798,-12.666204,-14.838957,-13.695929,-15.550872,-13.956657,-14.980885,-15.6869,-15.269985,-20.206146
55,-14.967179,-19.314976,-14.284306,-19.317003,-1.3902526,-0.049558915,0.6981507,-0.8398851,2.8424447,-1.7437781,-1.1372722,2.8784308,-2.6105604,-0.5350823,1.7309138,-2.1801043,-0.989494,1.1491132,-1.2381129,-1.9680943,-1.8127149,-0.5469657,-4.6529155,0.7729516,-9.80006,-13.271332,-12.16939,-14.307047,-14.6229105,-15.805363,-16.673035,-15.608078,-19.188744
56,-12.378986,-16.069822,-12.126755,-16.012325,0.5012608,0.7438796,1.4062066,-0.1956865,0.2998407,-0.38586313,4.9094887,-0.382249,-2.353471,-0.37757725,1.1268399,0.46179524,0.53908926,-0.40586412,-1.8523408,-2.122527,-2.4602304,1.0670071,-0.14749798,-0.82125396,-5.109843,-11.333201,-11.32487,-12.249794,-15.876381,-15.20797,-15.7521305,-15.527854,-16.069487
57,-13.667251,-18.612307,-13.463283,-18.63121,1.0064108,0.39537492,-0.106009945,0.43443736,1.1493886,-0.20944797,-0.17062026,0.80376565,0.14193556,-0.23094213,1.1999903,-0.187042,0.21139514,-0.22805005,-1.1287464,-1.2111815,-0.76212996,-0.08189599,-2.6380312,-0.42847636,-8.020914,-13.732878,-13.9353,-13.849293,-15.522649,-15.920777,-15.918921,-16.036802,-18.619875
58,-10.536722,-13.375073,-9.873173,-13.343422,-4.023684,0.16569169,-0.32260528,-1.463863,0.50795317,4.3782687,-2.7469134,0.35612392,-3.1572895,8.612233,-0.9795298,-1.1944484,-1.0872802,3.418569,-4.2084327,-2.2278132,-2.8718402,-1.0075805,-6.543213,-7.1092997,-6.880774,-7.384778,-8.962674,-8.720905,-15.076906,-13.815777,-14.931076,-14.111552,-13.388028
59,-13.427403,-18.098242,-13.129268,-18.100014,0.82677644,0.7628701,1.2514727,-0.22444442,0.97833896,0.45442623,0.9122802,-0.015809376,-1.5056936,0.293873,1.730909,-0.5355896,0.9352764,-0.5802509,-0.5532103,-0.44809633,-2.153624,0.22534305,-0.4691321,-4.2724795,-7.5936522,-13.05038,-13.086166,-13.23394,-15.470963,-15.747166,-15.6238165,-15.967967,-18.126017
60,-10.996061,-15.87394,-12.334621,-15.813411,-1.9683676,10.0414505,1.1610925,1.3868318,2.630467,-3.098097,-5.2110195,1.4324445,-2.7773242,-2.5176709,1.2497795,-5.5604925,-3.947387,-4.585198,-4.451493,-5.2624574,-2.2664094,-5.0968337,-5.1492,-4.591536,-6.851622,-12.234987,-10.278994,-11.773266,-14.887746,-14.857014,-14.865236,-15.368092,-15.825616
61,-10.94355,-17.405235,-12.249755,-17.411583,0.7062588,0.0066363234,-1.3647153,0.12384439,2.3626828,-1.7515419,3.939138,2.7083356,-0.7039145,-3.8743894,-0.82732415,-0.41697365,1.7022257,-1.2876612,-1.2143166,-0.010968936,-2.0595043,4.029422,-0.327367,-1.327672,-6.8014555,-12.775944,-11.492287,-12.337196,-15.7846775,-15.007593,-15.357944,-15.434679,-17.41564
62,-13.423955,-18.235147,-13.343504,-18.204765,0.921043,-0.13576475,0.52396387,0.60421693,0.4213486,-1.4730287,2.1629498,0.018405331,0.33472872,-1.83721,0.018591307,1.7224624,-0.04266331,0.0021133851,-0.04190307,-0.67605156,-0.78038096,0.21183637,-1.6279346,-5.5509377,-7.129512,-13.028023,-13.207506,-13.334778,-15.804644,-15.837515,-15.982396,-15.880071,-18.225588
63,-12.894646,-18.36115,-13.778401,-18.32563,-1.2055095,0.06471731,1.1622202,-1.6986122,1.7550424,-2.2159522,4.060292,1.2553647,-2.8669016,-2.4356906,-1.1399945,0.3072403,1.5910952,-0.39611694,0.14248312,0.8985079,-1.9298521,3.8202379,0.61928296,-5.0333357,-6.1617074,-12.259867,-12.518246,-13.080282,-16.802908,-16.099068,-16.44508,-16.786549,-18.306421
64,-9.4346485,-17.033014,-11.209613,-16.98908,-1.1259422,-1.9536602,-1.6679122,-1.4859824,-0.29845917,-0.9741183,5.8392696,0.017494354,-1.041614,-2.761681,-1.6423755,5.766453,0.95452523,0.15510148,-3.4401631,-1.975501,-1.0781138,1.2458223,-0.63824964,-1.990468,-4.267254,-12.307174,-12.885786,-11.20058,-16.35966,-15.938208,-16.022715,-15.3924675,-16.995375
65,-9.125468,-8.716508,-9.275419,-8.506372,6.029908,-1.3870215,-3.0562358,1.0479583,-4.9080815,-2.3138452,0.62836486,-6.2947783,2.0418706,-5.281921,-2.2855985,-2.0859668,1.411789,-4.4649334,-0.024833985,-1.5827496,2.163513,-0.16766556,-1.6790918,-4.2634563,-4.679998,-13.174836,-11.817715,-12.299516,-16.706081,-16.188606,-14.912479,-15.318118,-8.719103
66,-12.504795,-19.962633,-13.613391,-19.959656,-3.127178,2.1890187,2.5342417,-2.5506096,4.244178,1.2541966,0.66485196,2.571064,-3.8839731,-0.3390871,-4.1484094,-0.90681386,1.2303215,3.432733,-3.7329166,-2.3922126,-1.9714208,-0.46123576,-3.380577,3.2656796,-12.101157,-14.5635,-13.581873,-15.457687,-13.94331,-14.975949,-15.543116,-15.21682,-19.922016
67,-11.815494,-17.161863,-12.846446,-17.166836,0.9046117,-0.05506315,-2.2922473,7.131601,-1.4236991,-3.4215496,-3.1416104,0.5507774,6.665269,-4.4128413,-5.2387743,-3.398389,-2.0303001,-1.0147873,-1.417183,-1.9976904,1.332041,-2.1586916,-3.5904682,1.1281115,-6.6398864,-13.9535,-13.596556,-13.857895,-14.090432,-14.805813,-15.21622,-15.164795,-17.207008
68,-12.024455,-18.032078,-12.01175,-18.010607,3.2418501,2.531406,-1.9302638,5.589307,-1.7966834,-4.618385,-4.88236,0.5447633,3.797178,-5.949668,-1.3122336,-4.9643517,-4.4878554,-5.843051,2.2575955,0.40298238,1.6976472,-3.028433,-3.132981,0.150414,-4.0770545,-13.012545,-13.827205,-12.740093,-14.359042,-14.420777,-14.563842,-14.253956,-18.080223
69,-12.162942,-17.308825,-11.378696,-17.286972,-2.137876,1.9091244,7.381741,0.544916,2.003841,0.9802136,1.6436146,-0.7715119,-2.3420546,0.86680096,-1.0426553,-1.8327293,-0.97275734,-0.6570327,-3.7485948,-3.3634868,-2.6372216,-1.6542801,-1.8735462,-2.645927,-4.7974186,-10.630636,-9.8513775,-11.776804,-15.226572,-14.462605,-15.347357,-14.742372,-17.321083
70,-13.2039385,-20.51238,-11.615245,-20.485088,2.0126262,1.6203372,-2.7506561,4.803858,0.99113786,0.37046838,-1.5650021,2.7471714,4.6286583,-4.181378,-8.829642,-3.16572,-0.3830031,-3.3517466,-0.10675466,-1.561342,1.916842,-1.8754787,-4.025688,-2.8180335,-6.6976657,-13.047836,-12.924705,-11.790421,-14.788578,-15.257555,-15.119511,-15.028285,-20.443888
71,-10.863402,-16.136559,-11.336897,-16.109814,-0.86665386,-2.1638436,-0.5882583,-2.0086613,-0.5902796,-2.1307716,8.7243595,-1.3482232,-1.7829247,-2.801256,-1.7561487,2.0008707,0.9455659,-1.216938,-2.0789638,-1.4626563,-1.6305813,1.5104991,-0.4589436,-2.4012609,-5.739466,-12.861979,-10.56616,-11.718582,-15.626652,-14.445354,-15.0230465,-14.675607,-16.051151
72,-11.774093,-18.764563,-11.648623,-18.801558,-1.9742465,0.56368566,-0.4567489,0.12885241,3.15068,2.596603,1.3303216,3.124139,-1.2436619,0.79873604,-4.0104046,0.3341195,1.7940544,0.3668211,-2.3357584,-1.651984,-1.5617313,1.2040327,-3.3692167,-4.748917,-6.181641,-10.94578,-12.651348,-11.484402,-15.958568,-15.739159,-15.362506,-15.544957,-18.701963
73,-13.199145,-20.096758,-13.431469,-20.030193,-3.5518162,7.627453,1.7371002,-0.5333403,2.9586165,0.92081636,-3.7088656,2.2118948,-3.5909984,-0.14780743,-4.026172,-3.0682795,-0.90266365,-0.9761459,-5.5753517,-5.3599315,-2.34113,-3.0785785,-6.4787307,-8.341481,-5.836659,-10.203896,-10.779749,-10.300047,-15.066181,-15.168329,-15.158522,-14.969048,-20.04477
74,-12.612397,-17.80036,-12.523561,-17.822536,0.55255884,0.04410166,-0.123645484,0.5026911,1.0248647,-0.13214189,0.29032964,0.43980363,0.038940385,0.07938827,0.303174,-0.27419007,-0.20910251,0.05467894,-0.26230732,0.11535964,-0.88731265,-0.345328,-2.5340025,-1.1065261,-7.5793285,-12.086695,-13.105145,-12.771194,-15.373853,-16.044447,-15.657806,-15.963109,-17.793922
75,-13.530097,-21.410938,-13.814591,-21.320662,0.6386031,2.0534425,-2.567354,1.4705,1.2743955,-0.9180831,-0.99938107,2.8782532,0.086429894,-2.538719,2.1503675,-0.66633594,0.64453673,-0.43775928,-2.4092615,-2.9921858,0.8375447,-1.7682663,-5.3995423,-6.041094,-9.735236,-14.137791,-14.078494,-12.3258,-14.748883,-15.085327,-15.565498,-15.464787,-21.322119
76,-13.732121,-18.010447,-12.321108,-17.947102,-0.98429275,-1.0420128,-0.8919953,-1.7990674,1.2368046,-1.2817185,-1.6706522,-0.65278375,-1.5917801,0.84707135,-0.6449636,-1.9104707,-1.1077728,1.8876249,1.1389436,5.643903,-2.414809,1.6910772,-3.0390534,-2.4843352,-7.0390744,-10.674078,-11.739404,-12.202562,-15.370741,-16.301575,-16.457987,-16.529541,-17.97
77,-12.748349,-18.078108,-12.447578,-17.999514,8.45318,-0.7494174,-1.5880078,0.7380774,-1.0648644,-4.872304,-1.1003648,-0.77505094,0.2781397,-5.5301023,-0.8196429,-2.3676097,-1.4750412,-3.7173972,3.7415054,-1.9495296,3.767371,-2.804036,-0.7729096,-1.940707,-6.4505525,-14.088075,-11.447784,-13.928229,-14.685783,-15.721397,-15.077877,-15.367411,-18.040499
78,-13.3654585,-20.956007,-13.481586,-20.988384,-0.30587453,5.365863,1.343776,1.1380937,2.9508474,0.9253807,-1.377034,2.346921,-1.2714789,-0.13479513,-0.94628674,-2.2614207,-0.8847424,-1.9180009,-1.997077,-3.0082722,-0.618654,-2.1796918,-3.3637125,-5.0166397,-5.454503,-12.702061,-12.598357,-12.590387,-15.635839,-15.959108,-15.388042,-15.054225,-20.948483
79,-13.296328,-18.985554,-13.269314,-18.963392,-0.071630254,0.5218534,0.053589065,0.8421631,2.1575282,0.62493044,-0.33964986,2.061895,-0.47195664,-0.27958307,0.9476358,-0.10002881,0.24092071,-0.21458817,-0.74228764,-1.715296,-1.1851473,-0.7595506,-2.5112958,-5.253449,-8.265942,-11.97613,-12.8310375,-12.453826,-15.47318,-15.649916,-15.417881,-15.8229265,-18.988066
80,-12.697059,-22.158089,-14.522655,-22.101292,0.9657357,-0.14559428,-1.6698151,2.8090196,-0.6790791,-3.1568086,0.6376434,0.117398836,0.12977533,-5.275826,-2.0792046,2.0070126,2.4572346,-2.2127113,-2.3275845,-3.530426,0.87865645,-1.0778716,-6.257504,-1.7238063,-9.436486,-16.87864,-12.944414,-14.454674,-14.422659,-15.5849495,-15.6230135,-15.097191,-22.038637
81,-11.030756,-19.59234,-12.258192,-19.620958,-1.0873222,-0.31954458,-1.4701499,-0.86751026,0.8583485,4.4033794,-0.68263465,-0.099939875,-2.2340856,0.9642128,-2.9253888,-1.0833972,2.6539586,0.5015902,-1.825965,-0.47221774,-2.4038758,1.5269707,-2.0806699,-1.7473572,-5.710177,-10.432077,-10.71385,-9.223852,-15.473764,-14.824463,-15.496927,-15.1135025,-19.453684
82,-13.215156,-21.621017,-13.299969,-21.600391,1.667898,1.0495895,-0.47748744,-0.7996593,1.7678889,0.6158632,1.9043916,1.2468348,-1.9119776,0.17047285,-1.2422385,0.31904846,1.573088,0.39870808,-2.9519575,-2.406009,-1.5960597,1.7773675,-3.4554124,-4.959043,-6.9162626,-11.714256,-13.385517,-11.835749,-15.606612,-15.667103,-15.674156,-15.721302,-21.574139
83,-14.094758,-19.523113,-14.367153,-19.535421,5.0658226,-0.1605538,-3.4846747,3.7931948,-1.8917547,-4.2337475,-3.6696815,0.20005862,4.134633,-5.323985,-3.1567667,-4.684597,-2.606138,-3.433169,2.8450687,1.4495417,1.7630377,-1.8894005,-1.9692452,-0.6026682,-7.3749156,-16.701744,-15.570951,-16.679375,-15.391548,-16.20209,-15.994506,-16.292772,-19.473072
84,-11.006813,-19.67309,-13.113715,-19.69289,2.1801705,0.42107606,-1.0715116,4.7374144,-0.37273574,-3.0488398,-1.2219002,0.8273004,4.728259,-3.4489143,-0.8075469,-2.6520238,-2.6442373,-1.9991591,-0.3556272,-2.6776226,1.0959308,-2.4530482,-3.738019,-3.7267878,-5.4008946,-13.824539,-12.326727,-13.26816,-15.307244,-15.821047,-15.241417,-14.961249,-19.66246
85,-13.113503,-17.98513,-12.614363,-17.996475,0.33042783,0.5932309,0.17515084,0.18891995,0.8707855,0.49193892,-0.20498392,0.55643725,-0.279843,0.5229723,0.6520256,-0.23470046,-0.14999664,0.19604732,-1.007862,0.13823335,-0.42292237,-0.6439238,-2.7918973,-0.85617155,-8.191824,-13.12712,-13.472443,-13.549984,-15.322329,-15.891162,-15.742374,-15.92719,-17.986134
86,-13.695291,-18.670227,-13.0169,-18.679195,0.9253362,1.8583105,-0.75927293,0.40499172,0.79974574,0.62270266,0.82029146,0.26087308,-0.35644478,-1.575165,4.0710626,1.1647859,0.5595243,-1.5284903,-1.8108888,-1.4380866,-0.9601702,-0.4540769,-3.4026353,-3.922268,-7.1283326,-12.358955,-12.845644,-11.588183,-15.539233,-15.523384,-15.37735,-15.676213,-18.5996
87,-7.5620594,-8.825319,-7.126807,-8.809067,-1.3855665,-0.6949683,-0.7937037,-0.1844646,0.4421856,-5.564434,-0.24800044,-1.9967043,-1.4114751,-3.7241945,-2.6000645,-3.537846,-5.351717,-3.0160189,0.9122377,0.9460537,-2.8374827,-2.9294226,-0.26974028,11.725693,-1.0441993,-9.13336,-3.957618,-10.932939,-13.866371,-13.814245,-15.94652,-13.79622,-8.847306
88,-13.527143,-18.72281,-13.3350115,-18.734,0.33289313,0.6910397,0.10428542,0.40810862,1.2599888,0.61378014,0.45250657,0.9583146,-0.28980318,-0.5485403,1.3119402,0.33488032,0.7900583,0.022565322,-0.31750345,-1.1648191,-1.0564998,-0.18751495,-1.4761693,-5.269379,-8.133905,-12.891117,-13.52166,-12.968657,-15.655159,-15.775991,-15.715694,-15.873618,-18.720469
89,-12.504795,-19.962633,-13.613391,-19.959656,-3.127178,2.1890187,2.5342417,-2.5506096,4.244178,1.2541966,0.66485196,2.571064,-3.8839731,-0.3390871,-4.1484094,-0.90681386,1.2303215,3.432733,-3.7329166,-2.3922126,-1.9714208,-0.46123576,-3.380577,3.2656796,-12.101157,-14.5635,-13.581873,-15.457687,-13.94331,-14.975949,-15.543116,-15.21682,-19.922016
90,-12.76975,-17.32956,-13.040792,-17.351807,0.9579637,-0.06786661,-0.12992013,0.17056933,1.3368425,0.5736126,0.06299747,0.16204776,0.08383851,0.46092284,0.64866865,0.40639308,0.2699908,0.19528486,0.18506444,-0.7890935,-1.3444752,-0.341885,-1.9081701,-1.2433183,-8.114329,-12.944917,-14.0896015,-13.325599,-15.461038,-15.772781,-15.603302,-15.809468,-17.34195
91,-12.837378,-22.621738,-14.4143505,-22.57447,1.4388416,-0.049807467,-1.7764134,2.9824681,-0.54375386,-2.8741727,0.4677465,0.28967512,0.65095997,-4.9666204,-2.0873241,1.4041204,1.5977831,-2.144289,-2.161826,-3.0212333,1.4508861,-1.1568956,-5.7796025,-1.4468333,-9.296151,-16.454105,-12.604441,-14.270234,-14.35981,-15.534489,-15.608045,-15.099582,-22.509834
92,-6.669734,-9.768011,-6.767365,-9.739792,2.7736032,1.2623652,-1.8690412,2.0299585,-1.6936213,-4.8382797,-2.0180392,-2.4154325,-0.3284063,-4.2141356,-6.39743,-3.735232,-3.9895344,-3.4442344,1.7861154,-0.5907271,-0.046668302,-3.796929,-1.0987402,11.892955,-2.104134,-9.558266,-4.619698,-10.710582,-14.15062,-14.112131,-15.046672,-14.057554,-9.88012
93,-12.733616,-19.659626,-12.951444,-19.673544,1.1798891,1.0699751,-1.2119222,1.2414786,1.6385368,-0.13449612,1.3030056,1.903961,0.27410868,-0.6975336,-2.5624852,-0.5759454,1.3501076,-0.44961178,-1.1136938,-1.5294077,-1.1015897,0.7137306,-2.3465,-5.900703,-5.8729415,-11.102406,-13.115177,-11.724503,-15.470384,-15.489191,-15.395324,-15.535908,-19.636187
94,-14.291822,-20.285501,-13.83471,-20.24052,2.3980134,0.7020445,-0.9116411,2.7483096,-0.13027726,-2.0863652,-1.426225,1.4808409,1.663261,-1.5964702,-0.4202482,-2.20147,-1.7311863,-1.2523283,0.10140734,-1.1409026,-0.36763403,-2.1871393,-2.4987364,-1.652329,-7.274108,-14.175213,-13.637362,-14.479186,-15.170401,-16.008682,-15.59946,-15.836344,-20.284138
95,-13.923756,-19.199974,-13.798562,-19.173199,-0.18541227,1.0887651,0.71275514,-0.5085056,1.884118,2.206375,0.3511415,0.64135355,-1.2868738,0.551968,-2.1146047,-0.023682114,0.9181187,-0.15519826,-1.1851437,-0.7248932,-1.0071696,0.35985062,-0.93295884,-3.786785,-7.4193788,-12.404236,-12.214342,-12.763502,-15.817875,-15.855812,-15.900429,-15.551498,-19.153952
96,-14.057014,-19.180405,-12.656243,-19.137003,-0.047700547,0.15318418,1.5155942,-0.81582075,2.0710766,-0.40487504,-0.070876814,1.7403573,-1.48851,0.52217895,-0.96856284,-2.3181305,0.2674153,0.79265004,0.83007514,1.3276868,-1.352922,1.0790689,0.472632,-4.1960135,-7.7756305,-11.233053,-11.448334,-12.854895,-15.752596,-15.659343,-15.859754,-16.04544,-19.117552
97,-14.463429,-22.246403,-13.923145,-22.188503,-0.05754718,0.84536403,0.060999367,-0.7256399,6.3958592,-2.2696908,-2.362523,1.4642667,-1.1179825,-2.1031249,-1.0126488,-2.6953893,-0.8162335,0.82886994,-0.63711566,-0.8503623,-0.7849247,-0.8896659,-3.4325285,-4.0797167,-11.008424,-14.289374,-10.66787,-13.794497,-14.448936,-14.9729,-15.41689,-15.122469,-22.121363
98,-7.5832534,-10.670393,-6.1709967,-10.629201,1.1620741,-3.1289043,-1.3463838,-1.4265171,-0.8384725,-4.416242,1.0593746,-1.84323,-1.8530113,-3.9522865,-4.54133,-2.381484,-1.732951,-2.5363183,2.4765568,0.21214609,-0.28895676,-1.9863037,10.125066,1.2536547,-2.3218791,-9.080053,-7.7601924,-10.423663,-15.531469,-14.927105,-15.119196,-15.145409,-10.632406
99,-14.406514,-19.716928,-12.79083,-19.698025,0.69154644,0.8205624,1.5936892,0.5317139,1.68932,0.64418525,0.3624135,0.8129884,-1.0365021,0.74231267,0.46758103,-0.51021767,0.082245864,-0.23207349,-1.8758453,-2.0701077,-1.1452415,-0.49388608,-2.0466375,-4.069768,-8.191225,-12.6627445,-13.379948,-13.114986,-15.410772,-15.896691,-15.732825,-15.757922,-19.72843
100,-14.631931,-23.303951,-14.189744,-23.271208,-0.88885385,0.47275415,-0.5192791,-0.68931204,0.32331893,3.5169995,-0.75502,-0.3124311,-2.0916717,2.1421626,-2.4293385,0.58242744,1.6325225,0.8296962,-2.711079,-1.6825045,-1.0477917,0.17476813,-3.0742147,-5.931167,-8.703577,-13.180485,-13.924397,-11.443111,-15.305777,-15.335768,-16.19938,-15.538791,-23.224756
101,-13.780953,-18.306625,-13.531014,-18.257723,-1.050255,2.5019784,1.548516,-1.1213397,2.27317,0.60581136,2.145399,0.08897628,-3.480324,0.5805755,1.0982938,0.54280514,1.5558643,1.7107995,-2.21587,-1.3573,-1.1245173,0.9786178,-1.8452003,-4.7761116,-5.8613424,-10.369783,-12.197913,-11.964893,-16.39819,-15.639939,-16.126148,-15.652784,-18.306751
102,-12.977491,-18.956076,-12.040176,-18.91085,2.0463927,2.9899962,2.7609136,3.3009932,2.9172418,-4.501016,-5.436887,1.9751523,2.4135144,-5.3971148,-0.36868027,-5.401078,-4.924895,-3.5471826,0.65443045,-2.3851593,0.039149977,-5.669046,-2.9466918,2.3557475,-6.823169,-13.129422,-13.10516,-13.314626,-15.222195,-15.642464,-15.519954,-15.18673,-18.95112
103,-12.70578,-20.584883,-13.3356,-20.592144,-2.9694977,3.6463528,4.8153715,-1.050192,0.9431207,-0.45458904,-2.9996626,-1.3742534,-3.6757693,-0.53280646,-7.3598657,-3.1029356,-3.4260805,-0.053304527,-2.7235532,-2.6466188,-3.696866,-2.46437,-3.8795357,-3.56594,-7.672499,-11.949036,-12.4130745,-12.995707,-16.523422,-16.036135,-16.0316,-16.178352,-20.541857
104,-15.980305,-22.07525,-14.32492,-22.079964,0.24397646,5.963323,3.1949914,-0.19875745,2.8272524,-1.0084075,-1.4424545,1.7733831,-2.4008567,0.7362664,-3.3616416,-3.3195543,-1.5197167,-1.7077667,-2.8347683,-2.8563905,0.114195585,-1.5236529,-2.9191735,-3.5545087,-9.050439,-12.876925,-10.944969,-12.722648,-14.516453,-15.615801,-14.892384,-15.466238,-22.074772
105,-13.507845,-18.190897,-13.578749,-18.212574,0.7255744,0.8655878,-0.48235005,0.9079782,1.0213981,-0.4360169,-0.05947814,0.47856018,-0.1689589,-0.9779373,0.9605642,-0.72505885,-0.026893752,-0.56456697,-0.59308106,-0.15017098,-0.50383687,-0.24756044,-2.550633,0.32538122,-7.7801037,-13.661864,-13.524176,-13.807079,-15.467385,-16.065744,-16.000008,-16.140732,-18.203257
106,-13.766828,-18.11263,-13.682687,-18.118986,1.9220662,2.2376304,-0.92840785,1.0595622,2.0500197,-0.62728214,1.0052563,1.4096931,0.11018318,-2.1949046,4.530586,-1.5843296,0.7201238,-1.8884124,-1.4191086,-2.4546325,-0.88558656,-0.21367231,-2.2602122,-4.9746494,-5.812301,-13.734207,-13.498638,-13.263624,-16.085554,-15.582271,-15.784121,-16.360495,-18.126894
107,-11.394827,-17.438911,-11.706704,-17.40171,-0.4722566,-1.5442802,-0.0022189114,-1.7932277,-0.111728445,-2.289385,8.518113,-1.1258276,-1.976103,-2.8296335,-1.4212725,1.2479906,0.79108083,-1.361396,-1.7427979,-1.498972,-1.5775377,1.4203626,-0.060533892,-2.4549015,-6.0635037,-13.3844185,-10.827871,-12.4110365,-15.623411,-14.438951,-15.226636,-14.784073,-17.355322
108,-12.913392,-19.912617,-12.937126,-19.894176,0.19380045,0.88170725,-0.39312178,0.32654387,2.901885,-0.17295972,0.1656171,3.3789742,-0.92077637,-0.60559833,0.5533193,0.75040185,0.2312605,0.047022708,-2.117424,-1.9970266,-0.95625466,-1.0129704,-3.863398,-0.8462144,-8.0550165,-13.041721,-13.429184,-13.327213,-15.679316,-15.77603,-15.832369,-15.915671,-19.888817
109,-12.467273,-17.842236,-11.189472,-17.868174,-0.2499961,1.4208752,-0.2917011,0.70020735,0.6917174,3.9044392,-0.3222362,0.3849958,-0.9461754,2.6640234,-0.9869814,1.0739601,1.8844796,-0.27637687,-2.32662,-2.1432958,-1.022768,-0.67163515,-4.9402866,-2.453914,-6.7983727,-10.494478,-12.241685,-11.025409,-15.040445,-15.0118,-15.226263,-15.017465,-17.797928
110,-3.5390408,-9.812991,-7.6658807,-9.810696,2.6150196,2.7294033,1.3646313,9.136089,-1.0162089,-5.387523,-6.1979656,0.74401087,4.295636,-3.7180367,-4.257003,-4.844336,-6.9768043,-4.406619,-0.07828996,-8.20981,1.182228,-7.355685,-6.2960124,-1.6422563,-2.9336872,-9.308669,-10.316807,-9.57871,-13.983908,-13.150131,-12.538271,-13.180994,-9.7912245
111,-12.729847,-18.834745,-12.8050165,-18.858387,0.2318155,0.914307,6.216049,-2.8330307,1.338974,0.42133462,1.6892394,-1.4358007,-4.35888,0.5021783,-3.9203827,0.32764193,1.8277246,1.0475836,-2.4191122,-2.3982255,-1.6055036,0.69035435,-3.1465664,-5.991598,-5.764007,-10.831604,-12.258119,-11.876546,-15.87643,-15.54668,-15.515064,-15.473252,-18.786636
112,-12.830903,-19.64337,-13.129784,-19.65678,-0.9192474,-0.19692397,-3.181339,0.23820466,2.2742858,1.372778,-0.26935527,1.0533603,-0.94722587,-0.6908722,-5.736655,-1.3057561,2.1413453,-1.0269066,1.0191875,1.4083619,-0.18386374,2.4256256,0.03755518,-3.845793,-8.863638,-12.54753,-13.198442,-12.400509,-16.017681,-16.103382,-15.653663,-16.03409,-19.543476
113,-10.467121,-17.339996,-12.185633,-17.272978,-0.8350004,-1.8894589,-1.5558683,-1.67988,0.4239876,-2.4887953,7.8567586,0.6767396,-1.3654927,-4.6966705,-4.367809,3.465249,2.9563808,-1.313456,-3.2093475,-1.7538786,-1.847304,2.1853566,-0.40151992,-1.309587,-6.068466,-14.57553,-12.417242,-12.238376,-15.860038,-15.189553,-15.741955,-15.078879,-17.328753
114,-5.7203617,-10.4779625,-8.336466,-10.537087,1.586046,0.33596927,-3.5554564,6.6713104,-2.8325994,-4.0890746,-4.110588,-1.1682609,9.240689,-4.8545794,-2.6413488,-4.085263,-4.875364,-4.0032434,-1.0528139,-5.3680754,0.46427888,-5.7595105,-6.1182666,-3.2050555,-3.6296816,-11.593931,-10.393647,-11.817299,-14.129983,-14.79191,-13.294411,-15.09622,-10.486346
115,-11.499565,-19.81294,-12.679419,-19.794706,-0.8279881,-1.4436095,-3.1667643,-0.8625827,1.0710164,-3.1661308,0.2548666,0.6732827,-1.7490104,-2.6653216,-6.1974306,-3.4653354,0.15846074,0.48272565,3.28972,6.6693826,-1.6946673,6.0730324,0.05570452,-1.7744294,-5.2169285,-13.532271,-12.550661,-13.392063,-15.36731,-16.351768,-15.943417,-16.612307,-19.785337
116,-13.304509,-20.699736,-13.548313,-20.649818,-1.4644693,2.4408007,1.2295939,0.56788087,3.1826255,-2.114311,-0.9949236,3.5008056,-1.2656573,-2.034841,1.2893288,-1.1335446,0.6321496,1.632597,-3.9903147,-3.1732583,-0.7745821,-0.18976809,-7.4019146,-1.1978947,-7.1392703,-12.216444,-13.171568,-12.7280445,-15.48803,-15.917811,-16.414846,-16.006083,-20.58216
117,-12.169524,-16.740095,-11.490056,-16.719675,-0.4607604,0.29622447,-0.624858,0.6413204,0.72600913,1.7436639,-1.7621996,0.9627724,-0.13140398,3.8381546,-1.3025936,-1.3957772,-1.3671589,3.2661788,0.44612586,-0.51591843,-1.4029491,-0.6395763,-1.7273985,-8.527972,-7.59926,-7.2390623,-12.324472,-9.925086,-15.168723,-15.283598,-15.609253,-15.492693,-16.781897
118,-9.175041,-15.632166,-10.010298,-15.558972,1.509712,0.32501963,-3.8552144,4.2865057,-0.5674564,-5.1299663,-3.7105274,-1.4311247,4.96815,-6.326069,-5.300749,-3.390502,-3.0366178,-1.949378,0.61416465,0.27568987,1.5589031,-2.9042175,-5.7678566,-1.023584,-5.475288,-14.866085,-12.217399,-13.16974,-16.343899,-16.479006,-15.783392,-15.478016,-15.569247
119,-8.129862,-14.618646,-10.346727,-14.574825,-0.9315852,-1.7254617,-1.314495,-1.5635649,-0.29238808,-1.8485492,6.626242,-0.6625554,-1.0401471,-3.526377,-1.1144819,6.5525756,0.8777361,0.19808896,-4.1013494,-3.3375766,-1.1478139,-0.049076732,-1.8263026,-3.3341322,-4.3462133,-13.005897,-11.480238,-11.495439,-16.105532,-15.156242,-15.94461,-14.629239,-14.584926
120,-13.529082,-17.548203,-17.26817,-17.55227,2.4776304,-0.1131002,-3.1447532,5.3028135,-2.9668174,-6.104682,-5.0793605,-0.73885155,4.1859865,-6.5039024,-0.97215587,-5.217924,-3.596726,-3.5868938,1.2161262,1.700288,0.7489239,-1.3405192,2.436492,-0.2678568,-12.327181,-21.348698,-16.869999,-18.650835,-13.774128,-14.719181,-15.440286,-14.480644,-17.527296
121,-12.267803,-17.102617,-12.095263,-17.14745,-1.0694119,1.2288239,1.0547489,-0.95647895,2.7834103,0.47886568,0.52776605,1.5384672,-2.1260262,0.4247591,2.7838526,1.1724094,1.506046,1.5140188,-1.8379868,-2.4982526,-1.4365577,-0.18122734,-4.6889853,-2.2299762,-7.4571557,-12.452777,-13.299794,-12.819843,-15.643769,-15.8929205,-15.675862,-15.818089,-17.088102
122,-10.151121,-16.892431,-9.187878,-16.836857,-0.14284554,0.62740403,0.1648102,-1.3236903,0.44850525,-1.8208201,8.179166,-0.64862406,-3.3729708,-4.065478,0.91259927,3.9124231,3.3334816,-3.4575543,-4.043676,-3.4483874,-1.4660093,1.2879579,-0.66607034,-1.9702975,-4.963102,-12.213972,-10.4590645,-10.80084,-16.07138,-14.542671,-16.24935,-15.183462,-16.854813
123,-12.548519,-17.469193,-11.951269,-17.473423,0.07655468,0.22432591,0.95533663,0.30134693,1.2902017,1.492591,0.8178346,0.26404214,-0.38070655,0.87963814,0.56221545,0.1280083,0.19535738,-0.47905108,-1.162645,-1.3342515,-1.0857937,-0.24543095,-2.7221732,-2.6708272,-7.808428,-12.669542,-13.062919,-12.958388,-15.516583,-15.608798,-15.645787,-15.682451,-17.474043
124,-12.632097,-17.312443,-12.237336,-17.319263,0.8093898,1.2830851,1.0785881,0.46543348,0.8802165,1.7460632,0.030148251,0.3645362,-1.0014517,0.9362537,1.6593077,-0.37226775,0.05613832,-0.7895043,-1.3950762,-1.5764664,-1.1652371,-0.990895,-1.8317978,-1.0224653,-7.1074805,-12.8443165,-13.50853,-13.040199,-15.425674,-15.766267,-15.55825,-15.708141,-17.349888
125,-10.018454,-12.257921,-10.105671,-12.228067,-2.4068167,0.6744468,3.79888,-2.0525773,0.4551259,3.3873746,-2.5226715,-2.5149977,-3.2797046,6.114496,-2.6732268,-2.7431467,-1.6200454,1.190111,-3.715243,-2.0989275,-3.3404121,-1.3629417,-3.622357,-8.812642,-7.0028706,-8.139691,-9.967187,-9.668727,-15.615251,-13.796003,-14.616288,-14.707133,-12.228738
126,-13.597003,-19.192173,-14.117379,-19.196808,0.055947218,0.9805559,-0.3562431,0.5027317,1.5305824,0.7458352,-0.26787376,2.4689617,-0.18967868,-0.13959944,1.2856898,0.40316162,0.01591414,0.004651893,-0.8032885,-1.8940579,-0.8156818,-0.83016694,-3.1133282,-5.6658607,-8.795016,-12.834807,-13.427954,-13.113537,-15.596966,-15.6562805,-15.633837,-15.740699,-19.18868
127,-12.096119,-22.550821,-15.36242,-22.562906,4.093949,-0.413405,-2.8871398,3.0639956,-1.7688179,-4.566042,-2.5796518,1.1460859,1.847245,-5.36696,-7.7089357,-1.8730389,-1.3421494,-2.553386,1.924636,-0.2617112,4.7715626,-1.9064928,-3.5314775,-2.711375,-12.818531,-17.239513,-14.723116,-15.175549,-14.832259,-15.6763115,-14.846457,-15.152003,-22.551311
128,-12.627736,-17.225399,-11.949144,-17.218124,0.6931987,0.33331022,1.9334172,0.5379093,0.9835631,0.31102982,0.03838309,0.48783982,-0.42328167,0.81379193,0.5087134,-1.8535988,0.53756094,0.84681326,-0.5007755,-0.6748229,-1.2494099,0.28671473,-1.9786426,-5.2026253,-7.246145,-11.696119,-13.087343,-12.737383,-15.618363,-15.668597,-15.611652,-15.878183,-17.21215
129,-7.0973706,-12.3351345,-9.128439,-12.304569,-1.1919032,-2.8146052,0.495837,-3.0676975,0.46587744,-1.9591446,8.590207,-1.3931326,-2.1337616,-2.335989,-1.746626,2.5813923,1.1018008,-1.5111709,-2.942235,-0.99239457,-1.7148291,1.9233917,0.25528413,-0.8423313,-1.9205391,-9.724072,-8.52655,-9.8683815,-15.570552,-14.24948,-14.949559,-14.356358,-12.31444
0,-12.325312,-17.502071,-11.554823,-17.498747,0.6070471,1.0157561,1.3104326,-0.045654014,1.3505346,0.97629505,0.5912444,0.23631757,-1.5562726,0.6143179,1.2559366,-0.3076191,0.27539444,-0.38406613,-1.575433,-2.115737,-1.1674919,-0.5665023,-2.065964,-0.6995257,-6.627121,-11.97832,-12.401533,-12.569206,-15.457927,-15.5735235,-15.5329895,-15.580204,-17.521553
1,-14.882486,-19.691395,-14.554746,-19.683235,0.97157747,0.78389513,0.90390396,0.7016944,0.9451717,0.009029992,-0.25589815,0.45737925,-0.36353418,0.09838258,0.77595305,-0.7206943,-0.5111421,-0.37043354,-0.6182206,-0.7215629,-0.30092603,-0.67005223,-0.37414142,-4.4459248,-8.4724655,-14.400012,-14.6313305,-14.545058,-15.75638,-16.056198,-15.955914,-16.176643,-19.685177
2,-13.242265,-18.48291,-12.249063,-18.440582,0.2952421,0.7772595,1.2113659,-0.1313008,1.3319273,0.4144997,0.6353613,0.35515264,-0.9626555,0.026371526,1.2946911,0.25920284,0.38669142,0.051944606,-1.0756806,-0.90044767,-1.5013808,-0.21750496,-1.5486524,-5.8354096,-5.7380853,-9.758218,-11.736654,-10.885859,-15.486557,-15.470884,-15.414881,-15.390544,-18.487778
3,-13.931883,-19.758163,-14.430123,-19.65303,-2.5616531,0.47486988,0.92814827,-2.0415814,1.930153,1.8055811,0.72487575,-0.3198628,-3.180752,2.7698617,-2.2744853,1.8258367,0.9569207,6.4524035,-3.256988,-1.7416703,-2.073034,1.1447318,-5.06488,-4.3608127,-7.084315,-9.253892,-12.4777975,-11.619102,-15.802288,-16.02782,-15.919768,-15.266997,-19.691164
4,-11.168419,-23.033232,-12.164673,-23.050463,0.2965749,3.784006,0.6431704,2.7708097,2.345722,-3.6447027,-2.2492015,2.5988986,0.56639725,-4.8974886,-3.8222106,-2.8397088,-2.1863937,-2.0199974,-1.3511503,-2.1185477,-0.21285065,-2.9726646,-3.1579492,-1.926751,-6.838419,-14.276392,-13.559355,-13.316786,-15.429338,-15.773335,-15.513608,-15.387173,-22.960983
5,-14.519524,-20.438528,-15.027361,-20.421978,1.2311498,-0.6348239,-2.298514,1.4673531,-0.33297822,-1.6483326,-1.0809778,-0.26608637,1.0482097,-2.371595,-2.7820082,-1.0032477,-0.99553233,-0.73745483,0.29937,3.93873,-0.30423346,-0.41230798,-1.055836,-1.1694927,-10.476517,-17.377666,-15.21775,-16.18313,-15.505843,-16.73764,-16.58567,-16.70928,-20.406443
6,-14.684263,-18.474201,-14.220595,-18.44659,0.15904015,0.19221018,2.5772638,0.11566575,1.0553635,0.055860117,-0.43525648,0.36538634,-0.07558986,0.48029593,-0.42940933,-0.7718954,-0.90437007,0.2464589,-0.1123012,-0.7661316,-1.2711344,-0.91846853,-2.4870849,-5.1446085,-9.037254,-13.167408,-13.224396,-13.825199,-15.77912,-15.6482935,-15.591289,-15.788698,-18.475595
7,-16.66842,-19.254742,-15.707036,-19.235714,-0.44762686,1.3780943,1.2031096,1.1881262,0.9535043,2.158805,-0.22744596,1.0705264,-0.95048505,1.314382,1.9718659,-0.080898196,0.4852848,-0.15550734,-2.0943851,-1.5526979,-1.4573466,-0.7869471,-3.4578261,-5.378451,-9.413323,-14.458626,-14.612145,-14.205301,-15.57966,-15.861748,-15.835884,-15.318861,-19.228596
8,-13.616678,-23.72098,-13.606695,-23.635036,0.66176206,1.8859123,-0.24948639,-0.41904345,3.4834726,-1.7447269,-0.43732706,2.8581545,-0.92596906,-1.2546431,-2.5373976,-0.9211871,-0.1637821,0.2510879,-0.6315314,-1.3250421,-0.55186415,-0.9940157,-2.0614862,-5.044854,-7.91794,-12.060802,-13.755181,-12.267542,-15.622534,-15.429907,-15.633624,-15.511667,-23.557575
9,-11.984346,-19.961596,-11.393405,-19.918451,0.8550929,0.37885156,-1.0332685,-0.8846246,0.44873786,-1.5074466,7.3001275,-0.23083943,-1.917214,-3.622075,-2.7774034,4.71377,2.1578293,-1.5302293,-2.9205,-2.342739,0.012267962,-0.09741756,-0.30036592,-0.1734956,-4.877442,-13.76237,-12.601256,-12.69187,-16.094828,-16.105747,-16.512339,-15.480134,-19.850414
10,-13.060299,-18.271517,-11.423472,-18.28868,-0.3316766,0.7029638,1.2045497,0.02679277,2.0002697,-0.0653546,0.91185826,0.75060934,-1.3107343,-0.49049318,1.0912043,0.9582154,0.5746813,-0.14700589,-0.72758377,-0.885341,-1.4889973,-0.30388162,-2.597798,-1.5161017,-6.952827,-11.700626,-12.168863,-12.496321,-15.413192,-15.576049,-15.616207,-15.708878,-18.231735
11,-13.655937,-17.786413,-13.546354,-17.80207,1.0468897,0.28963846,-0.10500387,0.655791,1.1619276,-0.43769488,0.012859561,0.41074455,-0.040866386,-0.9134658,1.2247038,-0.12139737,0.05564728,-0.23874861,-0.45778397,-0.4629221,-0.7883213,-0.15875155,-2.611923,-0.24506004,-7.8014374,-13.428526,-13.925765,-13.785667,-15.512986,-15.932569,-15.927839,-16.174616,-17.767761
12,-11.763241,-17.42848,-13.175927,-17.29309,4.9055276,0.39151007,-3.7776544,5.4365544,-1.8084189,-3.806469,-5.462032,2.1163802,7.146451,-4.2881436,-3.017318,-5.4784307,-3.1401355,-2.4135013,-3.2811322,-5.48735,3.5316873,-4.0082636,-5.5201383,-0.632199,-8.399372,-16.20215,-12.3090515,-14.848139,-14.823327,-15.3059845,-15.121832,-15.349012,-17.429037
13,-8.803875,-9.463511,-10.438959,-9.506334,-1.8521572,-3.5685134,-3.1388998,-2.154396,-0.26236787,-1.865397,7.626502,0.73228073,-1.1171862,-3.4312024,-1.8708079,6.149342,1.3465651,0.25929272,-3.7291253,-2.8982701,-0.8330386,0.5355328,-1.5735841,-3.9951644,-6.678755,-13.307674,-13.408024,-12.051365,-16.661354,-14.995154,-15.553631,-13.831068,-9.489374
14,-12.519216,-22.408297,-14.322071,-22.349266,1.0810503,-0.31161729,-1.7457166,2.7982109,-0.5857124,-3.4075933,0.9793409,0.3591321,0.64042455,-5.413205,-2.221215,2.0009952,1.6310718,-2.0598822,-2.2028286,-3.1694813,1.6416047,-1.2467984,-6.1869774,-1.4852545,-9.614343,-16.560162,-12.461992,-14.238243,-14.366942,-15.361827,-15.556222,-14.996678,-22.291592
15,-13.019067,-20.381811,-14.738279,-20.397917,2.2968118,3.3260605,-0.5555929,5.310663,-0.60219944,-3.9589403,-2.8709705,1.0175011,2.8774214,-4.5684624,0.37677544,-4.2706375,-3.980867,-3.7717607,0.38349766,-1.258285,0.4093671,-2.8951223,-3.626612,0.091099545,-7.3298116,-16.234722,-16.372831,-15.345515,-15.0352,-15.511569,-15.834304,-15.877092,-20.431017
16,-7.1781015,-12.471335,-9.5891695,-12.450396,-0.8191231,-3.184986,-1.8958266,-2.0314224,-0.37891787,-3.221694,8.857769,-0.7428087,-1.6476698,-4.0406857,-5.527269,1.6820117,0.14447363,-1.596415,-2.358077,-1.5301812,-1.7854332,2.9378197,-1.1430756,0.30071902,-4.613896,-10.831683,-10.337082,-10.321694,-15.6728735,-14.260575,-14.4862175,-14.485813,-12.399496
17,-12.635326,-17.170649,-11.656773,-17.131355,0.08796315,0.08138654,0.896402,0.22544065,1.6191499,2.3608425,-1.5186886,0.37525088,-0.599763,3.4399736,-1.1176139,-0.6617154,-0.47918952,0.8096203,-0.52693534,0.7687285,-1.2142689,-1.3238539,-1.5342785,-4.0498905,-7.696323,-10.978186,-13.173637,-12.418274,-15.061644,-15.773655,-15.213417,-15.636344,-17.160542
18,-12.639652,-17.876593,-11.085569,-17.904312,-0.85690117,-1.1443793,-2.3258257,-0.036019515,0.55090857,3.9718246,-1.658791,1.1831145,-1.161792,5.4386106,-4.087677,-1.2979417,0.8157122,0.17826915,-2.42721,-2.1937792,-1.476134,-0.7302729,-3.909275,-1.680328,-6.3015003,-10.26045,-11.868696,-11.061952,-15.241405,-15.105132,-15.44357,-15.497418,-17.849438
19,-9.773733,-14.335633,-13.378362,-14.298139,1.1474787,3.3602662,-1.6641637,8.825169,-1.352484,-4.5788035,-6.1459584,1.1761256,3.5453446,-4.9757667,0.17608881,-7.1116114,-5.404174,-5.7469316,-0.9952619,-2.7588282,0.37478444,-4.88595,-5.6680217,-1.8161529,-4.1951127,-12.292639,-13.275976,-11.963396,-14.566623,-14.361721,-14.903379,-14.958218,-14.32422
20,-13.340186,-21.462881,-13.648991,-21.51441,1.1013017,2.8289852,0.4285417,-0.6308884,1.6970304,0.8860416,1.5343031,0.2992576,-2.351143,-0.37552175,-2.9813292,0.2370282,1.6464524,-1.1339234,0.026813656,-0.349467,-0.81303936,0.557505,-0.83238995,-6.991928,-8.2236,-13.94053,-13.1152525,-13.118031,-15.741411,-16.030617,-15.743188,-16.22274,-21.415249
21,-10.849276,-18.78695,-13.093907,-18.77137,3.273718,-0.58263975,-3.87517,5.78548,-1.0775993,-2.7694557,-4.2892795,2.3492775,3.2041197,-5.596249,-3.3523588,-3.987883,-1.0215839,-1.8117921,0.49459442,-2.9313042,3.408034,-4.508382,-6.762519,-1.2944739,-8.94654,-13.996264,-14.501109,-13.856035,-14.559955,-15.614904,-15.949817,-15.037596,-18.770004
22,-13.222757,-17.497568,-13.132342,-17.50402,0.4206699,0.18631081,2.2463858,-1.1949602,0.73720443,1.5896765,-0.6174484,-0.337031,-2.0562346,2.9384491,-1.7109265,-1.723159,0.6904333,2.148682,-0.11943339,-0.47986546,-0.99403137,0.7480213,-2.1042998,-4.7357593,-8.939587,-9.985329,-12.00525,-11.848042,-15.519692,-15.541712,-15.408519,-15.606502,-17.465149
23,-12.660687,-17.145355,-12.2640705,-17.130816,-1.0255308,-0.1299555,-0.43292922,-0.5196409,-0.13225618,-0.452493,7.192793,-0.20005994,-1.971788,-2.4971538,1.6328819,1.7868768,2.1337564,-1.5529184,-2.9078295,-1.0372136,-1.8809417,1.8903502,-1.7410666,-3.3831418,-5.6533484,-11.969359,-11.978649,-11.326264,-16.014406,-15.428492,-15.675325,-15.491503,-17.151686
24,-13.868869,-19.128813,-13.847629,-19.110956,0.68658435,0.7936755,-0.7307299,0.49258777,1.3623723,-0.15681785,-0.0023835348,1.5230523,0.48316336,-1.0749944,1.2827696,0.6026731,-0.05426426,-0.15808216,-0.2516132,-1.1027715,-0.49601862,-0.7534708,-2.4200602,-4.6147943,-8.358067,-13.333487,-14.349209,-13.528366,-15.691348,-15.797657,-15.728799,-15.67389,-19.147474
25,-13.857024,-21.898855,-14.009051,-21.893555,0.21918137,0.38828087,-2.0143936,0.9904562,-0.13880312,-0.29857114,1.5899677,1.6041497,0.6471807,-0.30111584,-4.6566553,1.9804239,1.1057824,-0.026320362,-1.2199769,-0.32487637,0.06022098,0.6971657,-2.4244606,-4.735556,-9.176745,-13.031623,-13.791907,-12.711336,-15.909536,-16.079285,-15.8676605,-15.522495,-21.81245
26,-14.010846,-18.897564,-14.197461,-18.91598,0.5533331,0.29035896,4.1758204,-1.6766583,1.0356631,0.0024458303,1.7870916,0.062245946,-2.4803538,-0.2881863,-3.479074,0.1552275,0.8317033,0.9317595,-1.0339013,-1.3287898,-0.7475193,0.5937101,-1.9616483,-4.6061964,-8.884577,-13.634766,-13.218775,-13.55909,-15.579897,-15.779208,-15.656968,-15.54019,-18.850157
27,-10.073626,-17.952196,-12.301513,-17.940401,4.2457886,-0.791931,-3.9861293,5.328571,-0.7504105,-2.7283082,-3.3761022,3.1141875,2.0674412,-5.938814,-2.6327822,-4.5671153,-0.5988724,-2.6979673,-1.0863907,-4.095603,4.0472317,-4.564024,-6.5457463,-1.8825626,-9.006225,-13.344216,-12.954107,-12.91878,-14.8688545,-15.487746,-15.9656515,-14.620871,-17.969032
28,-13.535224,-19.186838,-13.803962,-19.17108,0.39568293,0.9440663,-0.28164077,0.37838456,1.5968019,0.016150253,0.1441079,1.6141936,0.22238202,-0.6912662,0.8589957,0.8099369,-0.13321717,0.028760035,-0.2346897,-1.3509544,-0.7822332,-0.4817646,-2.6052277,-4.6338305,-8.327642,-12.78388,-14.127672,-13.238407,-15.5978565,-15.782378,-15.615367,-15.613432,-19.205687
29,-10.735134,-11.709714,-11.273361,-11.793799,6.156827,-3.224281,-6.4830804,0.48444408,-3.1382892,-5.250043,-3.6496232,-3.0234468,3.1227996,-7.049932,-5.1505694,-4.691352,-1.61571,-4.2296734,7.797609,1.8271111,5.70758,-1.954154,-0.59596705,-1.5085568,-6.2528067,-13.92066,-13.241671,-14.021418,-15.898544,-17.13259,-15.815723,-15.582999,-11.6644125
30,-13.697193,-21.923277,-14.928277,-21.921894,2.4207416,-0.09735058,-2.6084044,1.6333065,-0.15991384,-4.179765,0.49023038,1.1517916,1.7007084,-4.34702,-0.7802391,-0.97505814,-0.21493112,-0.9155141,0.16230892,-1.272882,1.8614627,0.02651596,-2.6909096,-5.6611056,-9.335013,-15.042058,-15.212832,-13.1700325,-15.418311,-15.590168,-15.670685,-15.562994,-21.889376
31,-12.700787,-18.21627,-12.939585,-18.211077,-0.17366302,0.6827104,2.3792677,-0.0116677545,2.0099876,-0.5576365,0.5466356,0.8326176,-0.741708,-0.5343983,0.77978367,-0.042965256,0.050559282,0.4072032,-0.71712905,-1.6511173,-1.7223679,-0.27654955,-2.1120305,-4.40971,-7.162686,-12.163872,-12.496166,-12.805962,-15.81553,-15.461914,-15.615614,-15.789734,-18.242603
32,-11.137788,-17.229403,-12.266452,-17.154287,1.1951145,4.1497955,-2.926491,4.2186227,-0.48050672,-2.0807452,-2.4101331,1.0786352,5.0220966,-3.401805,-7.9139514,-2.8038237,-2.6867037,-1.4408206,-2.5234482,-3.6653836,0.793929,-3.7470539,-5.5164824,-4.7629924,-8.428038,-12.8143,-12.548203,-12.581088,-13.625833,-15.041743,-13.7615795,-15.146241,-17.245792
33,-12.478091,-19.237146,-12.552266,-19.209263,-1.5539016,-0.25321755,1.2268121,-0.8494221,1.2234031,-0.23418978,4.6902056,0.72640586,-1.5914242,-1.5378448,1.0390315,4.353206,0.9327758,0.7304667,-3.2794418,-3.1422875,-1.60304,0.40582463,-3.8879862,-6.0570273,-5.5739427,-10.785638,-12.124626,-10.986649,-16.090082,-15.217632,-15.637627,-15.290142,-19.202723
34,-14.815466,-20.85401,-15.574835,-20.871979,1.065516,4.0240836,0.5954562,1.8121022,1.8858613,0.21438041,0.94189805,0.76827526,-1.0037217,-0.51630765,-1.8651879,-1.5483068,1.4517244,-0.7418739,-1.6326094,-2.6464546,0.070154235,-0.3878549,-3.4156687,-5.261701,-6.7080574,-12.573171,-13.110049,-12.414747,-15.843928,-15.756475,-15.568781,-15.943041,-20.866549
35,-9.475078,-9.703159,-10.341182,-9.710078,-3.927777,-0.22402084,0.53152514,-1.3988893,-1.1779299,1.6056947,-3.1004372,-2.1994913,-3.9075367,11.2442465,-3.7430518,-2.6521304,-2.2072692,2.3894994,-2.8024921,0.26462355,-4.8039865,-0.15001117,-4.8289876,-2.8246868,-1.9084542,-7.2463093,-8.8161125,-10.541742,-16.09859,-14.101584,-14.507068,-14.654779,-9.698099
36,-7.487712,-17.85729,-9.689772,-17.801397,-0.40807378,-2.2545822,-0.83293587,-0.9262168,-0.98450863,-5.6970816,7.5727677,-1.6718925,-1.3259478,-6.5150404,-4.665639,3.3451996,0.09800559,-1.3424418,-2.1226342,-0.16150597,-0.616755,0.797839,0.057426333,0.14657672,-6.354873,-14.424277,-13.043711,-13.191818,-16.09433,-15.267719,-15.677887,-14.882763,-17.734507
37,-12.299611,-19.306065,-12.300108,-19.292828,-1.5515432,-0.07202616,2.255261,-2.0509226,1.3092498,-0.34999582,-0.03945613,-0.034319866,-2.540617,2.3369756,0.9218877,-0.19920374,-0.71666753,2.161551,-1.5707352,-0.87185425,-2.439688,0.6191598,-4.1984124,-4.5809574,-6.4632907,-9.411854,-13.1754265,-12.193075,-16.334087,-15.204377,-16.25979,-16.09618,-19.271759
38,-13.449453,-16.279324,-13.481061,-16.293835,0.22921151,0.06985605,0.19285946,0.7465361,0.6771387,0.69035965,1.0843283,0.08944373,0.5205353,0.04684481,2.3794703,-0.017941646,-0.24225017,-0.41291544,-0.84042454,-1.4132079,-1.1550716,-1.2798846,-2.363076,-2.893612,-8.246408,-13.807287,-14.217068,-13.821655,-15.680229,-15.916637,-15.913205,-15.950793,-16.257557
39,-13.761012,-16.470707,-13.19622,-16.447039,0.028809916,3.5694265,1.0091853,-1.400002,4.058164,-2.1140532,-2.31248,0.4819143,-2.5512626,-4.270226,6.798923,-3.5019255,-0.631945,-2.632089,-1.7623647,-2.1057622,-2.0649009,-1.1085112,-3.5178509,-4.8162274,-7.1520286,-13.768703,-11.017171,-12.620147,-14.555115,-13.750147,-15.516851,-15.810595,-16.409283
40,-13.99079,-20.903429,-14.3379135,-20.897446,0.92188644,0.8808867,-0.36023778,1.0448306,1.5882596,0.42161235,2.2644048,1.238045,-0.34147498,-1.0280843,-6.5349154,0.2795548,1.3354882,-0.5499175,-0.6731186,-0.52215,-0.98084074,1.2297746,-0.8963083,-3.6965425,-7.3720365,-12.568585,-13.223953,-12.781233,-15.523263,-15.599938,-15.762581,-15.449269,-20.908594
41,-8.417738,-13.166096,-8.440275,-13.129358,8.303137,-1.7011831,-2.1697278,2.805797,-3.871283,-4.993406,-5.3263025,-3.4862592,5.697077,-5.342059,-1.2362895,-5.371199,-2.5541298,-4.356418,4.0961337,-2.8600845,4.778657,-3.4264302,-3.146633,-2.8718972,-1.1747135,-10.900051,-11.403139,-11.965382,-15.370545,-15.172751,-14.915398,-14.304883,-13.114015
42,-13.44445,-19.286177,-13.902382,-19.27318,0.45873746,0.645931,-0.49161,0.43322763,1.4983549,-0.11309161,0.11672838,2.0052128,0.13696222,-0.6376101,0.6165146,0.7837963,-0.12622797,0.123201355,-0.46998817,-1.3650374,-0.7156777,-0.46723285,-2.9807165,-4.227003,-8.46489,-12.5244465,-13.946014,-13.056555,-15.54592,-15.850471,-15.634113,-15.723574,-19.30294
43,-4.747566,-12.666894,-8.512476,-12.685115,1.3096008,2.349932,-2.0788176,-1.3634057,2.5573304,-2.5701725,-1.5914422,0.820679,-2.4925191,-4.9265285,8.1974125,-2.7546265,-0.2698286,-2.6691172,-2.759499,-3.571841,-2.4146714,-1.4354944,-5.622553,-5.86033,-1.7907748,-6.609523,-10.263057,-7.874713,-14.953607,-14.159411,-15.251292,-15.362068,-12.64035
44,-11.548338,-17.017717,-12.068731,-16.96807,-1.6056955,-1.5437235,-0.6537063,-2.0039194,0.1398122,-1.1057613,7.019563,0.14829835,-1.6380988,-3.1164453,-5.686547,5.861766,1.3536211,0.27201512,-3.539349,-2.8378124,-1.4986182,0.41016987,-1.5417231,-2.3320408,-5.999704,-12.117278,-11.999511,-11.374283,-15.764693,-15.471175,-15.376679,-14.961618,-16.910192
45,-10.427048,-16.50726,-9.483768,-16.456825,-4.058256,0.37910512,1.8785181,-2.0302675,0.22468849,8.291283,-0.89402664,-0.44250983,-4.6409607,3.2514741,-2.4118135,0.9973712,2.156939,-0.4394391,-4.8318353,-4.1677985,-3.5593903,-1.0670396,-7.289334,-2.4286177,-7.1744523,-10.927789,-9.5655365,-10.630928,-14.429133,-13.994418,-15.104221,-14.233281,-16.339863
46,-9.132698,-15.340681,-14.20751,-15.295571,-0.063941605,3.165533,-2.5198073,-0.48864806,3.1017075,-3.8314848,-2.39972,3.6871333,0.38946262,-4.4320765,2.462116,-1.5905257,-3.101576,1.5652773,-1.4196479,-2.609562,0.9589231,-1.9696681,-6.6519003,-4.5330944,-9.0481,-9.845272,-12.672574,-10.526144,-15.2813635,-14.154191,-14.580761,-14.72796,-15.296554
47,-12.649271,-20.325346,-15.239787,-20.35087,6.35701,0.85588676,-1.8769119,4.670033,-1.7560245,-5.749968,-4.250351,0.30272624,4.012165,-6.7188773,-2.536419,-4.3825607,-3.279879,-4.1657386,3.247227,-0.16999292,2.6852083,-2.585184,-1.7427355,0.89382225,-7.1524005,-17.714104,-16.146873,-16.43721,-14.17151,-15.7958145,-15.69069,-14.951256,-20.317076
48,-12.336824,-18.438671,-11.685618,-18.474693,1.1545832,3.895662,-0.7773234,2.222693,1.2931815,4.224343,0.7506572,0.39314002,-1.4430737,-0.67656934,1.036074,0.14880285,2.0086155,-3.0928996,-3.1951787,-3.7061627,-1.656531,-1.8794695,-4.1478534,-0.37330145,-4.7214127,-11.231995,-11.635261,-10.160762,-14.928587,-14.774148,-15.389436,-14.95139,-18.432959
49,-12.697059,-22.158089,-14.522655,-22.101292,0.9657357,-0.14559428,-1.6698151,2.8090196,-0.6790791,-3.1568086,0.6376434,0.117398836,0.12977533,-5.275826,-2.0792046,2.0070126,2.4572346,-2.2127113,-2.3275845,-3.530426,0.87865645,-1.0778716,-6.257504,-1.7238063,-9.436486,-16.87864,-12.944414,-14.454674,-14.422659,-15.5849495,-15.6230135,-15.097191,-22.038637
50,-11.717882,-19.15063,-12.975616,-19.19255,-0.6285398,2.239124,-0.45465904,0.033636175,2.5670638,-1.0322447,3.957553,1.3338056,-1.922914,-2.7226822,-4.2828774,4.412516,1.5835657,-0.267185,-1.3877352,-1.8824744,-1.0815675,0.24401873,-2.0202417,-0.07939513,-4.9207015,-12.070197,-13.426141,-11.836573,-15.817264,-15.1630945,-16.008556,-15.449278,-19.127968
51,-16.602833,-22.118837,-16.78021,-22.09602,1.3063607,1.1862237,-1.1772113,1.012514,0.99678534,0.017468654,-1.878288,0.9066957,0.19986619,-1.004642,2.4005241,-2.2548997,-0.89208233,-0.45823354,-0.9662199,-1.3815165,-0.3599404,-1.4361087,-4.1117754,-0.72605824,-11.937908,-17.548805,-15.908725,-16.144001,-15.369714,-16.00578,-16.25925,-16.088291,-22.059536
52,-13.135644,-17.897564,-12.431786,-17.928608,0.65605295,1.6349112,0.61643314,0.61024904,1.6404788,0.6248693,0.519055,0.99330485,-0.70180184,-0.5641914,1.7052132,0.6038347,0.8068034,-1.054616,-1.187643,-2.706751,-1.4802775,-1.2587109,-2.8624036,-1.3887947,-6.875996,-12.4306,-12.923087,-12.506371,-15.508717,-15.679894,-15.415492,-15.678638,-17.88501
53,-15.987478,-19.339266,-16.246668,-19.26594,-1.0673238,0.32073468,0.5558064,-0.020976193,0.51120687,3.03429,-2.1938164,0.020720266,-1.6709315,4.070013,-0.8757107,-3.1107788,0.55998963,1.0265683,-1.5035553,-0.04542339,-0.7920376,0.38919064,-4.789402,-7.4598556,-9.976416,-10.937325,-12.786743,-12.101842,-15.629687,-15.440508,-15.759323,-15.481897,-19.311905
54,-12.869338,-17.817478,-12.190434,-17.844578,-0.03751047,1.0741477,1.4952575,-0.1676689,0.08100656,1.4521245,-0.8822854,-0.88327265,-0.83649266,1.5015756,-0.8111924,-0.9503033,-1.2687747,-0.9259816,-1.0641818,-1.2861649,-0.74259186,-1.1304928,-0.8176807,-0.3570586,-7.521187,-11.662147,-12.885422,-12.581307,-15.51707,-15.731233,-15.72724,-15.93956,-17.85532
55,-12.595424,-17.45888,-12.28449,-17.483774,0.95678127,0.71128917,0.05882734,0.42523697,1.1305214,-0.15068346,0.7554703,0.28246826,-0.53162503,-0.44548202,0.76461136,0.82328266,0.0948699,-0.9537191,-0.2715933,-1.1586866,-0.8545133,-0.68951166,-1.6804042,-1.1648678,-6.1244802,-11.610062,-13.029236,-12.437695,-15.50217,-15.776136,-15.674027,-15.777818,-17.469912
56,-14.802783,-22.546892,-13.948145,-22.53396,1.4988202,2.1983194,-0.86274993,3.9977634,1.8866982,-4.444447,-3.8836424,1.9324057,2.2078316,-4.6889067,-2.7585707,-5.209924,-3.8429832,-2.8006647,0.49338445,0.043489464,-0.14669542,-1.53175,-1.6551361,-1.9882739,-7.364208,-14.402937,-13.612819,-14.315903,-15.001847,-15.908835,-15.28651,-15.450014,-22.463999
57,-13.441912,-19.647705,-12.821874,-19.625652,4.3835754,0.20025338,-2.2582054,2.8411236,-1.1083683,-3.645577,-2.56277,0.5231783,3.1758265,-4.80224,1.6698602,-4.0353456,-1.3833592,-3.6617367,0.9425357,-1.1413435,2.8431182,-1.2392596,-1.0023617,-5.62107,-5.442913,-14.724714,-14.31789,-14.507862,-16.007555,-15.974896,-16.177958,-16.15413,-19.665028
58,-12.6754,-22.215117,-15.455449,-22.222282,4.6373253,-0.5933769,-3.3193364,2.8687572,-1.6558701,-4.7483706,-2.1041753,1.1150337,2.3453288,-5.5629005,-6.978839,-1.5800074,-1.2189895,-2.3422906,2.4738178,0.1004262,4.0187716,-1.7778134,-3.2518888,-2.3013923,-12.502499,-17.39907,-15.198023,-15.3783865,-14.738613,-15.610321,-14.850891,-15.173618,-22.198013
59,-10.975442,-19.57389,-10.305281,-19.491182,1.5277917,1.0771855,-3.2060282,2.4451203,-0.54750246,-5.910694,-3.3676097,0.59717035,2.6514518,-5.5933266,-4.433265,-4.537951,-3.7317724,-2.6573539,4.392517,4.0392056,0.77982026,0.37896666,-0.93982613,-3.6999671,-3.7766652,-11.684858,-12.646509,-12.647759,-15.789413,-16.216122,-15.45221,-15.973086,-19.511175
60,-13.538705,-18.231834,-12.654265,-18.26781,-1.0190488,0.8643565,5.243293,-1.9557978,0.3405475,2.4302204,0.3006833,-1.8279576,-4.7869186,2.2973466,-5.4873075,0.78705853,1.2254295,0.85272706,-2.5391064,-2.6605291,-2.4115176,0.56638557,-3.8292599,-2.4930148,-8.913248,-12.230621,-11.96232,-12.287897,-15.783957,-15.4811325,-15.68438,-15.084258,-18.13982
61,-10.777705,-14.461438,-9.304291,-14.49058,1.6173584,-1.2391793,-0.98639745,-1.4267093,-1.2559026,1.4509786,2.5546746,-1.3790109,-1.4854871,-1.2077838,-3.818345,1.5054125,4.662424,-0.46711794,-1.6430978,-0.0027518831,-0.60107964,2.6463685,0.20506564,-0.74940205,-4.798399,-10.97084,-12.054743,-9.50751,-15.665592,-15.399822,-15.848243,-14.923226,-14.403026
62,-8.800934,-10.077006,-6.2123394,-10.018195,-4.888732,3.3808308,10.199295,0.023921493,2.0730772,0.09999829,0.11918091,-1.9590758,-4.682686,0.33561504,-4.4912868,-3.111383,-5.0456514,-4.08943,-5.0931487,-4.676957,-4.5420766,-5.4888964,-2.4325988,-0.26907095,-1.3245478,-7.0174203,-8.449988,-9.125336,-15.62374,-14.070331,-14.916208,-14.938044,-10.005549
63,-14.432009,-21.809702,-13.269768,-21.725288,-0.026425332,1.577922,0.019757034,0.9721959,2.5333745,-0.27921963,-0.30411085,1.924705,-1.0655005,-1.7485845,0.3984162,-0.7156168,0.4970621,-0.74954885,-1.7604557,-1.6786369,-0.7849632,-0.789582,-2.182796,-3.0257564,-6.217161,-12.23543,-12.490186,-12.590092,-15.409089,-15.774697,-15.838187,-15.820381,-21.72318
64,-12.470333,-18.174227,-12.869472,-18.195637,-0.15673472,0.14691794,-1.1212218,-1.9142171,-0.33314264,1.8045924,-0.75855726,-1.6239501,-3.0462797,4.947277,-2.1578224,0.0025095548,-1.0329987,-0.579076,-0.17140853,-0.14380261,-1.5320289,-1.2379967,-2.627809,-2.8673725,-9.247469,-13.846775,-12.124095,-14.470209,-16.270405,-15.889842,-16.452919,-16.014917,-18.183825
65,-13.868332,-16.410233,-13.0672245,-16.407604,-1.5322388,-0.33742514,-0.844288,-1.0520276,0.6502281,1.8570794,-3.3714821,-0.7075231,-2.5780935,8.352511,-6.5819654,-3.14265,-1.3288059,2.1409392,-2.494267,-0.07326872,-2.179713,1.8280706,-5.261907,-1.8038096,-8.094565,-10.101671,-11.587767,-13.039888,-15.385084,-15.537891,-15.608221,-15.349157,-16.397911
66,-11.551359,-18.398912,-12.044574,-18.367725,1.8407257,-1.9214296,-2.7403915,0.048809923,0.48786715,-4.6526275,-0.3470191,-1.4830592,0.2354994,-3.887325,-1.8680369,-2.157946,-0.828244,-1.699324,6.787282,2.5337408,-1.5674502,0.9905753,-1.7131292,-3.6609502,-5.191231,-10.330876,-10.9861965,-10.963773,-16.30368,-15.459553,-15.9338875,-15.962426,-18.252323
67,-13.421843,-17.098358,-12.522542,-17.147333,-1.0647869,1.1341094,-0.6191733,0.2752619,1.4808624,1.6298409,0.23680858,0.5160201,-1.5630895,3.1686583,1.683727,0.9064348,0.5664693,0.46036896,-3.134034,-2.5930002,-2.538587,-0.19011974,-4.8926177,-1.7731164,-6.976609,-10.584652,-12.393124,-11.732523,-14.9910145,-15.078828,-15.73827,-15.280634,-17.063684
68,-10.624673,-17.65604,-12.377243,-17.588095,1.4281331,-1.114662,-0.7033379,-0.6277324,0.5531407,-1.7889968,6.3585944,-0.13463949,-0.8994285,-3.2158654,0.7919986,2.7475157,2.2077076,-1.4042088,-3.1342554,-1.3196899,-0.7496991,1.9199047,0.29172206,-2.3433383,-5.6661744,-13.216201,-12.171,-12.130827,-16.075302,-15.2903185,-16.515171,-15.258686,-17.730942
69,-14.448119,-19.45475,-14.12972,-19.455305,1.7956471,-0.7447296,-3.7538073,1.167181,0.97523767,0.15019025,0.4977864,1.2158505,1.4445298,-1.1011392,-1.8163493,0.18237236,-0.5308738,-0.1360146,-0.07231172,-0.27596217,0.871058,-0.70986754,-1.6175098,-6.481825,-7.8989353,-12.506296,-14.549812,-12.861361,-15.82993,-16.29818,-16.008791,-16.06826,-19.449335
70,-9.883079,-13.295152,-11.0384445,-13.253253,-0.5369807,-0.69785,0.27281502,-0.78468907,0.45457503,-0.76805544,5.553842,-1.1251378,-2.2139819,-3.709001,-4.2458105,3.491381,1.7212163,-2.675729,-2.598663,-1.0442499,0.12953065,0.26126966,-0.12618196,-3.5078971,-5.5751805,-10.585168,-10.124722,-10.08229,-15.526301,-13.531789,-14.684536,-14.750153,-13.262661
71,-11.9161625,-17.418207,-11.381317,-17.429638,1.2534109,-0.55878365,-0.269919,-0.17102405,-0.48126912,-0.21345416,-0.21491243,-0.87180036,-0.7798804,-1.0360708,0.30366498,-2.055967,-0.22362044,-2.1620638,0.251374,4.3875155,-0.93106747,-0.76233494,-0.64899254,-0.8154379,-6.956082,-14.543255,-13.701484,-14.258896,-15.671152,-16.786987,-16.14138,-16.739891,-17.42805
72,-13.903046,-19.937906,-13.3691845,-19.889555,-0.640569,-1.0642612,-0.9145186,-0.5233804,-0.8034816,-1.8195356,6.9797115,0.19138768,-0.73390263,-3.6514833,-1.8512328,4.0352197,1.0827533,-0.9834799,-2.9007878,-2.2552464,-1.2603768,-0.06291381,-1.6511977,-0.6626565,-7.97858,-16.610384,-12.5124035,-14.219091,-15.61129,-15.653536,-16.063578,-14.950382,-19.83683
73,-13.239625,-19.080738,-13.165265,-19.069998,4.1276255,3.3893101,1.0952424,4.9034796,0.8706589,-6.482355,-7.563093,2.4451606,5.016493,-7.131839,-1.8128728,-6.8637238,-5.541014,-3.7397063,2.663583,-2.4618814,2.084185,-6.180239,-2.0076272,2.1480803,-6.5709963,-14.72216,-14.492975,-14.948343,-15.027836,-15.265202,-15.777544,-14.880355,-19.088024
74,-13.9575405,-18.959028,-14.034776,-18.957317,1.0155692,0.03082112,-0.14195243,0.59393054,0.8883994,0.1923011,-0.13664812,0.52793545,0.7210329,0.19860533,0.09045278,0.29271787,0.12835303,0.25671765,0.016909163,-0.77450925,-0.77128434,-0.10149789,-2.452971,-4.2251124,-8.971271,-13.009148,-14.404851,-13.555513,-15.48212,-15.842394,-15.821069,-15.860381,-18.966936
75,-10.120284,-14.927171,-12.02671,-14.856924,4.717597,-1.7158573,-3.5617595,-0.7826067,-2.1090841,-3.0084999,-3.0190942,0.20363092,1.8823819,-4.536968,-0.46523127,-2.5007827,-0.11726503,0.7893661,-2.2010481,-3.7036986,6.7340207,-1.4798933,-4.7663083,-3.5478714,-6.3455954,-11.295168,-10.632926,-11.464325,-14.799143,-16.068777,-14.453517,-14.818695,-14.91157
76,-12.432593,-17.61274,-12.561987,-17.646885,0.43554243,0.6740039,0.18793729,0.77348137,2.3702874,-1.1385549,0.073239416,1.8375081,0.047009084,-1.0330931,1.4186442,0.35677585,0.80451566,0.6978158,-0.51107424,-1.7418396,-0.91731006,-0.09719174,-4.2106056,-2.0544171,-7.6850495,-13.088177,-13.942782,-13.165361,-15.7598095,-15.949283,-15.761217,-15.720654,-17.609219
77,-13.318916,-18.65348,-13.467099,-18.643782,1.0973148,0.20454803,-0.055156216,0.40025377,1.4549541,0.3151904,-0.6824166,1.2349657,0.38963705,0.12663671,0.85347825,0.00921258,0.043787036,0.013657391,-0.14744699,-1.0774075,-0.7924141,-0.27691108,-2.3572245,-4.6643853,-8.552968,-12.825264,-13.927002,-13.213844,-15.547335,-15.850275,-15.712679,-15.992616,-18.649796
78,-10.301803,-17.137608,-11.510121,-17.083002,0.26088828,1.2123623,-0.31431383,-1.4717805,2.1163287,-1.175331,3.6569045,0.15385522,-3.1333587,-0.6791025,-5.3090577,-0.3444891,1.78618,2.0058005,1.699854,1.0171047,-1.4205105,4.020911,0.029323906,-3.3207095,-5.324825,-8.247008,-11.443533,-10.472905,-15.362616,-15.346737,-15.079743,-14.938778,-17.120365
79,-5.984765,-11.794412,-10.479576,-11.7997875,-0.55590594,4.7339063,0.408791,2.4178374,3.154618,-3.3836882,-5.7420473,1.0868917,-0.8307576,-3.9158294,1.5191752,-5.067245,-3.7483454,-2.74984,-3.6031086,-4.7728343,-2.4273534,-4.0342607,-6.6074986,1.6053816,-8.874832,-13.926948,-10.620419,-13.294972,-13.501791,-14.491471,-15.256324,-14.433508,-11.796115
80,-12.384489,-20.25248,-13.752596,-20.255577,-3.0674036,1.5740972,1.9216002,-2.4138107,3.9466429,0.9537569,0.57609975,2.4536855,-3.2624876,-0.7777552,-4.2707815,-0.30789205,1.0977719,3.6067603,-3.4854126,-2.0304165,-1.807006,-0.6489242,-3.500698,3.2854798,-12.666204,-14.838957,-13.695929,-15.550872,-13.956657,-14.980885,-15.6869,-15.269985,-20.206146
81,-14.448119,-19.45475,-14.12972,-19.455305,1.7956471,-0.7447296,-3.7538073,1.167181,0.97523767,0.15019025,0.4977864,1.2158505,1.4445298,-1.1011392,-1.8163493,0.18237236,-0.5308738,-0.1360146,-0.07231172,-0.27596217,0.871058,-0.70986754,-1.6175098,-6.481825,-7.8989353,-12.506296,-14.549812,-12.861361,-15.82993,-16.29818,-16.008791,-16.06826,-19.449335
82,-4.0799675,-8.879855,-7.222068,-8.934639,0.014992233,-3.037796,-1.3202618,-2.1236033,-1.6956574,-0.8230505,5.286411,-2.2544043,-2.2233853,-4.0146723,-2.4680424,2.7217562,6.4169497,-1.2137152,-3.7322402,-1.929705,-1.2910042,3.6932325,0.38962162,-1.0173693,-4.2626824,-11.52104,-10.993284,-8.792008,-15.72534,-15.141626,-14.790645,-14.3748865,-8.929337
83,-12.5476465,-19.201334,-12.910858,-19.210041,-0.08688551,1.0664622,-1.5858697,0.56054777,2.011635,-1.0084339,5.789222,1.7494425,-0.7110375,-3.5376217,-1.485747,3.3141177,2.0654967,-1.8613776,-1.5333022,-0.95684355,-0.82504666,0.7684891,-1.9197469,-5.595404,-5.9237523,-12.67517,-12.319728,-12.012386,-16.037981,-14.423722,-15.492534,-15.188511,-19.146336
84,-12.428024,-17.092468,-12.480939,-17.136293,-1.0255264,1.3253303,1.3835032,-0.88289654,2.7102783,0.57173353,-0.116226256,1.4444948,-1.9681613,0.84433144,2.9262068,0.7224035,1.2982972,1.3485096,-1.8649065,-2.3547826,-1.7516835,-0.0776446,-4.747844,-2.1572006,-7.579143,-12.433381,-13.53783,-12.730291,-15.669319,-15.662754,-15.514452,-15.776775,-17.069685
85,-10.517905,-17.1343,-8.939645,-17.097721,-2.2804632,-0.59401244,0.8362517,-2.7260096,1.4641278,-0.7149689,6.0164475,-0.7316223,-3.187302,1.1615329,-1.4690759,0.75215375,0.6959488,0.556803,-2.457315,-2.1098938,-2.8879666,3.7432616,-2.219543,0.8300631,-2.7883132,-8.218132,-7.660435,-9.756018,-15.212445,-14.49397,-14.693529,-14.406379,-17.053608
86,-14.549044,-22.604671,-16.306644,-22.558699,-2.5807428,5.4201436,1.0356566,0.40388122,1.7030785,-0.84604436,-0.87344575,1.1044794,-1.9026515,-0.3188641,1.2830511,-0.6170448,-1.6578534,-0.30666628,-2.0555518,-1.7565498,-2.6553154,-1.0943568,-3.9229968,-4.9584727,-10.478252,-14.609487,-14.036293,-14.163457,-15.1971,-16.259644,-15.573332,-15.8981495,-22.569962
87,-11.792081,-19.162981,-11.868021,-19.13458,-2.0742464,0.31661522,-1.3306032,-1.0643828,0.9571,4.4005976,-0.016090889,0.052507598,-2.3650968,4.2637205,-4.0134163,0.90780157,1.091521,0.75707626,-3.1904676,-2.1666908,-1.9595726,-0.5161117,-3.6452422,-4.757453,-6.4254193,-10.185663,-12.827543,-9.727285,-14.973614,-14.701084,-14.996791,-14.843216,-19.11697
88,-12.720671,-21.644573,-11.833872,-21.597439,1.6267668,2.631014,-1.3232294,3.0503244,0.9949428,-2.629933,-1.6363897,3.4438457,2.6575656,-4.8078537,-3.7482715,-0.09831492,-0.7315723,-2.8533635,-0.43564168,-2.1222572,0.11210789,-1.2338464,-3.1183681,-3.8265913,-5.24151,-11.335819,-12.963562,-11.109783,-14.906886,-14.588627,-15.389671,-14.74651,-21.619072
89,-13.781032,-16.59132,-11.890749,-16.492107,4.636719,-0.7533082,-1.931282,0.9314435,-5.0164185,-2.690609,-1.1257834,-5.4450617,0.77865785,-3.401753,-1.6986661,-1.7572446,0.33511472,-1.4583468,0.5932984,-1.0897166,5.9344487,-0.75697446,-1.286479,-7.249045,-5.948269,-12.106804,-12.200448,-11.830939,-15.198546,-16.517866,-15.753669,-15.874107,-16.442715
90,-14.182722,-18.645771,-13.742629,-18.626966,0.7896014,0.29062226,-0.051058374,1.0966773,0.4962818,-1.4239745,-1.0976042,1.1716164,1.2274909,-1.5020771,0.3536801,-0.6416003,-1.2380694,-0.15144625,0.15749644,0.59803414,0.3178715,-1.0788697,-0.20952293,-5.882024,-8.402674,-14.206416,-14.926299,-14.351767,-15.6850605,-16.072182,-16.187845,-16.050535,-18.64916
91,-12.9861765,-19.084688,-13.23197,-19.076742,-3.1886961,0.43896595,1.7528042,-1.0215812,0.9252367,2.5167089,-1.5877811,-0.5010476,-3.0626564,6.6811466,-2.4544768,-1.2386103,-0.8593039,2.472134,-3.2482111,-1.2407923,-3.5896604,0.25731367,-4.682781,-1.8984162,-6.246277,-10.042472,-10.707312,-12.443754,-16.111984,-15.10586,-16.011757,-15.70489,-19.004015
92,-12.159863,-19.368202,-14.336653,-19.315159,1.300497,-1.7007537,-3.4565864,1.4684584,-1.0282587,-4.784534,-2.746862,-0.576897,5.459259,-5.2577944,-1.7213727,-2.5678718,-2.4304264,-1.9516325,3.4799702,0.9415292,0.51033384,-0.6949436,-2.9596891,-4.93176,-5.2397494,-15.845355,-15.111374,-15.630314,-16.111994,-17.163132,-16.183374,-17.205313,-19.323202
93,-12.990739,-18.81304,-13.330338,-18.823849,-0.06296262,-0.69051605,-1.7940269,-0.9757136,0.65939254,2.0332508,1.5159215,0.72602004,-2.2168963,0.7175892,-1.1462548,1.220473,1.886321,2.0123303,-1.7749449,-1.1985142,-1.4225334,0.9235778,-2.277196,-3.8214505,-8.21912,-12.605315,-12.954458,-11.993084,-15.430179,-15.297912,-15.785922,-15.411663,-18.814915
94,-12.504603,-19.652845,-13.1825075,-19.678915,-0.65199345,0.3641334,1.5383742,0.21780857,1.3108641,-1.0764515,0.43389282,0.95291495,-0.55262315,-0.89695674,0.47764435,0.8842705,0.527282,0.8465378,-2.449798,-1.1165471,-0.78653747,1.6733587,-5.596573,-0.7194248,-7.9634047,-13.410037,-14.217306,-14.003031,-16.155653,-16.088049,-16.180935,-15.801792,-19.602587
95,-13.697682,-20.291573,-13.1048155,-20.290236,-2.3999798,0.8704637,6.972691,-2.0088718,1.6957225,0.7710242,0.57842845,-1.1637864,-4.140641,2.2343023,-4.8252378,0.108691,0.16703932,2.4660766,-3.4967608,-2.7555137,-2.339576,0.3854999,-3.6275737,-2.2235358,-7.6207914,-11.071194,-11.887753,-12.370373,-15.637083,-15.8703575,-15.868566,-15.617148,-20.18958
96,-12.287448,-17.936634,-12.875724,-17.96405,-0.26711258,-0.18327047,-1.3939945,-1.6330844,-0.35777697,1.5483855,-1.1801859,-1.3391488,-2.3409605,4.043706,-1.6344404,-0.58860785,-0.97226274,-0.48061115,-0.02763636,0.63184685,-1.408002,-1.0251534,-1.7893627,-2.3985586,-9.05015,-13.243815,-12.513031,-13.7944145,-15.980942,-15.77552,-16.321926,-16.130848,-17.93601
97,-13.135644,-17.897564,-12.431786,-17.928608,0.65605295,1.6349112,0.61643314,0.61024904,1.6404788,0.6248693,0.519055,0.99330485,-0.70180184,-0.5641914,1.7052132,0.6038347,0.8068034,-1.054616,-1.187643,-2.706751,-1.4802775,-1.2587109,-2.8624036,-1.3887947,-6.875996,-12.4306,-12.923087,-12.506371,-15.508717,-15.679894,-15.415492,-15.678638,-17.88501
98,-12.442655,-17.771626,-12.044383,-17.798069,0.5822104,1.526913,0.5787237,0.3872816,1.4342477,0.8235514,0.8224125,0.73330986,-1.0829923,-0.31602395,1.8580503,1.1657057,0.54576063,-0.72062516,-1.399462,-2.7700381,-1.2127783,-1.2867932,-2.385575,-2.0401082,-7.0393314,-12.556709,-13.164988,-12.466688,-15.491823,-15.718948,-15.459704,-15.495037,-17.790705
99,-12.099763,-17.028736,-11.6378145,-17.04515,0.5685065,0.15108804,0.25899738,0.10880998,1.2262071,0.4526639,0.47206464,0.58970386,-0.32992926,0.1817177,0.56675243,0.2017303,0.30524445,-0.243627,-0.6122317,-0.74962807,-0.9686424,-0.087491855,-1.2099551,-2.7822766,-6.7235203,-11.656855,-12.920642,-12.402619,-15.415446,-15.772295,-15.534721,-15.663464,-17.037668
100,-12.273313,-19.209528,-11.4387,-19.20079,0.71716845,9.378905,3.2160246,3.8781893,2.365083,-3.11384,-4.423606,1.8684098,1.2813853,-3.7918704,-3.0774832,-4.832022,-4.3625555,-4.863485,-3.7820084,-5.19161,-0.8319935,-6.475705,-7.4910545,2.3963091,-4.96316,-12.1722,-10.813412,-11.198107,-13.909952,-15.052423,-14.5809,-14.16023,-19.231785
101,-12.965558,-17.602623,-12.96669,-17.631313,1.1803375,-0.13300553,-0.16244754,0.1773584,0.74284905,-0.4137124,0.15770377,0.18413214,0.4321691,-0.4032829,0.39651418,0.29346937,-0.5202916,0.19206093,0.5210658,-1.0184441,-0.45644957,-0.8137346,-0.58226186,-2.7126372,-8.09008,-13.643571,-13.992336,-13.761821,-15.7459955,-16.055975,-16.000223,-16.221668,-17.599182
102,-14.361574,-19.611341,-14.674794,-19.638464,1.5862526,-0.09925522,-0.049683496,0.3637353,1.1056315,-0.7738656,-0.13438553,0.52583563,-0.3957328,-0.2283596,-0.022556297,-0.46864107,-0.63655955,-0.17194696,-0.14084959,-0.8360542,0.48209745,-1.4584397,-0.1769681,-5.657275,-8.334031,-14.915721,-14.294227,-14.769524,-15.798589,-16.015532,-16.342981,-16.151663,-19.632442
103,-11.017235,-17.630184,-11.128473,-17.64981,1.4131224,-0.17058739,-0.020940308,-0.041139476,-0.6158397,3.817289,0.87310654,-1.0787177,-1.5839871,0.72921866,1.0040491,1.3672003,4.196898,-1.2422192,-2.8017948,-2.1753833,-2.08953,0.72281826,-2.469961,-2.021172,-5.6066446,-11.084694,-11.871283,-9.6564665,-15.298233,-14.907577,-15.350054,-15.150145,-17.616032
104,-12.55269,-20.854586,-13.758626,-20.852947,4.030142,1.9897988,-1.5682635,5.8719215,-0.8692976,-1.3872417,-1.8829904,-0.24262092,2.7750583,-3.2045212,-3.425603,-3.4094076,-1.4473641,-2.3221874,0.72162163,-2.0697405,1.8607962,-2.0498302,-3.3023622,-6.090513,-5.5107,-14.690962,-13.225521,-13.250275,-15.171064,-15.372841,-15.439404,-14.946755,-20.879538
105,-12.551168,-17.630999,-12.191258,-17.613483,0.7569444,0.33218977,0.751119,-0.08922295,1.0987886,0.89491504,0.6196486,0.4786068,-0.8156216,0.36903203,1.0861291,0.10335599,0.5310802,-0.3838914,-1.0804094,-1.5573192,-1.0537255,-0.30838677,-0.9922381,-2.3131323,-7.4903812,-12.134671,-13.569091,-12.793129,-15.444818,-15.65536,-15.622984,-15.666791,-17.65346
106,-13.581561,-17.137547,-12.834108,-17.154716,0.12225008,-0.30450463,1.3223573,-0.87706405,0.8445492,0.22161236,0.038557786,-0.021911722,-1.4963505,0.22760426,0.61038667,-0.2385325,0.01753442,2.1114779,-0.9774001,-1.2114259,-2.0917687,-0.1853384,-1.8576249,-1.9807755,-7.410669,-11.945922,-11.83831,-12.336723,-15.583007,-15.497993,-15.4112425,-15.748839,-17.127863
107,-13.224968,-17.334282,-12.843331,-17.338823,0.66027343,0.20748198,0.11644526,0.18756312,0.5696621,0.47698846,0.20042835,0.14363739,0.06259355,0.53464156,0.39786643,-0.061328694,-0.07449111,-0.087221526,-0.24394411,-0.35572118,-1.3512233,-0.50250316,-1.5637501,-3.28551,-7.2993474,-12.149905,-13.530313,-12.840322,-15.476564,-15.792145,-15.635149,-15.873982,-17.346254
108,-15.062533,-20.877977,-15.001069,-20.83493,-0.66311455,0.85450643,0.55532825,-0.18594864,-1.409474,3.1303272,0.24815227,-0.892492,-1.4203092,2.454382,-1.7309432,1.1191356,0.8724355,-0.4193483,-1.925403,-0.68953145,-0.83852065,0.71384764,-1.292726,-9.140552,-9.856454,-13.525889,-13.634855,-13.070623,-15.716818,-15.918066,-16.238558,-15.675217,-20.794348
109,-13.752721,-18.533417,-13.926659,-18.527489,1.1341357,2.308848,-1.8932629,1.4469546,0.8915273,0.58958954,1.596163,2.160292,-0.062371098,-1.9412475,2.7729077,0.23946682,1.3030566,-1.7536356,-1.6965266,-2.2605042,-0.23646161,-0.57306594,-2.985899,-6.0234337,-7.1045823,-12.395324,-13.07596,-12.02162,-15.325584,-15.161654,-15.205785,-15.669792,-18.512785
110,-13.363081,-18.879616,-12.573129,-18.869505,0.41931474,-0.334903,-2.9032087,1.5477704,0.9773276,2.0806367,0.18533395,2.2642539,0.2857918,-1.0083671,-2.6513064,0.7912804,1.5596733,-0.20204188,-1.4328034,-1.9981035,-1.400697,1.3431642,-3.7828143,-0.83705264,-8.32309,-11.431608,-12.182781,-11.250181,-15.460703,-15.763012,-15.527702,-15.43472,-18.82644
111,-13.390862,-18.24241,-14.414544,-18.259369,1.8986462,1.9284347,-2.9050715,0.6054735,0.28177154,1.0060381,0.63785416,-0.33228797,1.041635,-0.8578312,-1.4299059,0.16087437,1.2718387,-2.0093915,-1.2689404,-1.5069743,1.4958062,-1.3873559,-4.8956347,-2.83377,-9.786966,-14.203011,-13.501939,-12.530722,-15.276663,-15.18455,-15.2557745,-15.673707,-18.265821
112,-12.804246,-16.902893,-12.404889,-16.919367,0.62847066,0.31977618,0.42111906,0.22314158,1.2498884,-0.37294933,0.21996547,0.31322202,-0.27925658,-0.36370233,0.5178996,-0.091637254,-0.38589093,-0.50638044,-0.32663855,-1.2109772,-0.9813582,-0.8025444,-1.8472264,-0.6558896,-6.690544,-12.3878145,-13.411995,-13.05015,-15.610379,-15.935159,-15.740982,-15.989183,-16.901812
113,-12.384489,-20.25248,-13.752596,-20.255577,-3.0674036,1.5740972,1.9216002,-2.4138107,3.9466429,0.9537569,0.57609975,2.4536855,-3.2624876,-0.7777552,-4.2707815,-0.30789205,1.0977719,3.6067603,-3.4854126,-2.0304165,-1.807006,-0.6489242,-3.500698,3.2854798,-12.666204,-14.838957,-13.695929,-15.550872,-13.956657,-14.980885,-15.6869,-15.269985,-20.206146
114,-13.344128,-18.9509,-13.804636,-18.962795,1.702754,-0.20754468,-0.8475703,0.7053302,0.751298,-1.0550392,-0.3568546,1.2110114,0.702681,-1.1460743,0.71364594,-0.22357173,-0.61445624,-0.039976116,-0.2975386,-0.26835725,0.29002425,-0.78586054,-0.9857761,-5.6270685,-7.941914,-13.370633,-14.610744,-13.577818,-15.676213,-15.921257,-16.100786,-15.966778,-18.960033
115,-6.065628,-8.655485,-6.822213,-8.622007,0.87852407,-1.1295975,-1.7436022,0.9010576,-1.9676294,-3.5055883,-1.850549,-4.04389,0.090371184,-2.695745,-4.525555,-4.6249404,-4.8595,-4.135913,0.19014564,-1.0945066,-1.7507546,-3.7149599,-2.0256581,11.687642,-1.2465239,-8.063928,-4.9243426,-10.191579,-13.771924,-13.857652,-15.612716,-13.973607,-8.739779
116,-10.816296,-20.303272,-10.741869,-20.287586,-1.2884183,1.308559,0.079662465,-0.68474984,4.4594426,-1.9625659,1.6579146,4.2819886,-1.08903,-3.1667452,-3.1297765,1.4104402,-0.10753216,0.52787423,-2.483429,-3.0452988,-0.42229262,-0.7555979,-4.8904114,-6.0125265,-5.831585,-9.803782,-11.467577,-10.507433,-15.146883,-15.467343,-15.223072,-14.86047,-20.264883
117,-15.303027,-19.513342,-13.930136,-19.453207,0.6545334,0.44854817,-1.4397092,0.1590761,0.82705927,0.91357493,-0.65290356,-0.20491253,-0.38750616,0.6492137,1.2526798,0.13492404,0.31849486,0.38284528,-1.2649636,-1.2501812,-0.52145684,-0.96900994,-3.6881638,-1.613636,-9.479253,-12.370478,-11.999279,-12.445074,-14.93778,-15.627671,-16.132915,-15.580412,-19.50869
118,-12.740629,-17.36287,-12.588401,-17.400612,0.5597409,0.3942259,-0.7585808,1.7496353,0.06931775,1.7754078,0.93643963,0.832416,0.28347155,1.5975053,-3.310418,-0.3368869,1.8081965,0.5573555,-1.3014174,-0.7277747,-1.7222743,0.9331738,-3.3695762,-7.1927657,-6.1947317,-10.078216,-12.084397,-10.604843,-15.660611,-15.701143,-15.610283,-15.535776,-17.34058
119,-11.843787,-16.040081,-11.173576,-16.060831,0.22481692,1.8730587,1.3094946,0.35839465,0.62970906,1.8588535,0.5374846,0.51091206,-1.1019455,1.1842964,1.8951536,1.3606926,-0.12315475,-1.595101,-1.4529964,-2.411519,-1.539395,-1.5112271,-2.763898,-2.5403123,-5.737116,-11.434423,-11.515366,-11.806091,-15.587597,-15.650883,-15.359918,-15.352052,-16.00792
120,-12.690469,-18.218367,-13.02691,-18.200005,0.43327892,0.09554079,0.05667476,0.15542936,0.9478134,0.70097905,0.599044,1.001839,0.07656331,0.014851259,0.013812086,0.8883277,0.27039862,0.35738927,-0.6032343,-1.3213333,-0.44351014,-0.6594281,-2.160168,-4.664906,-8.45005,-12.12612,-13.674838,-12.669585,-15.44508,-15.740486,-15.539259,-15.681034,-18.247032
121,-9.17669,-10.102195,-6.1496067,-10.081322,0.65612894,-1.6120479,0.0033371402,0.25576243,-0.30284822,-0.7949585,0.8758585,-2.044184,-1.0134522,-1.8289267,-0.842709,-1.1459748,-0.40471682,-2.353172,-0.54488134,-1.4172397,-3.2123284,-1.7983797,7.616545,-0.03822518,-1.9024873,-6.814412,-6.812517,-7.0837817,-14.998152,-14.134349,-14.715059,-14.241611,-10.088042
122,-10.037214,-20.508574,-12.21481,-20.495247,3.7477422,4.31956,-1.5576404,7.664569,-0.17630297,-4.4938226,-5.6469045,1.5479091,4.046731,-4.8005095,-1.9345868,-6.58556,-5.379448,-5.41817,0.39821458,-5.534619,2.935789,-6.0930567,-4.121608,-2.5212235,-3.7887812,-14.801644,-12.941616,-13.023108,-14.908443,-15.801683,-15.107692,-14.122839,-20.5614
123,-13.284591,-19.573635,-12.220911,-19.664797,0.9391592,1.5193604,-0.46939355,0.40661845,0.98118496,2.7150106,2.009724,1.5499293,-1.5068805,0.44866642,-3.4613595,2.2615347,2.8824685,0.042891428,-3.2469842,-2.7194822,-1.1902776,0.7056857,-3.685588,-1.5245861,-6.675019,-12.106982,-11.254244,-11.653965,-14.923442,-15.254818,-15.597439,-14.8592,-19.46473
124,-13.875228,-21.124956,-13.90515,-21.15064,1.1547407,0.58130133,-1.2995383,2.2359347,0.92612576,2.9524922,1.3705064,0.59043986,0.45839167,-1.62135,-7.734951,1.7522779,2.1567087,-1.5645438,-1.8281077,-2.3563638,0.72453505,0.1460652,-2.4752674,-2.7018733,-9.540079,-14.308348,-13.925568,-12.480898,-15.100744,-15.795264,-15.875645,-15.313539,-21.133396
125,-14.045712,-21.248526,-13.683148,-21.2419,0.44477075,1.1014204,0.7509278,1.0075197,2.0056758,0.3902895,1.7845203,2.1395495,-0.60808283,-0.5940168,-4.0298996,0.50472593,1.7081908,-0.7695225,-2.4273956,-2.637171,-0.75380117,-0.2772631,-2.6135678,-3.1502664,-8.215988,-12.700191,-12.565958,-12.471247,-15.3025,-15.629841,-15.62478,-15.735562,-21.210138
126,-12.697059,-22.158089,-14.522655,-22.101292,0.9657357,-0.14559428,-1.6698151,2.8090196,-0.6790791,-3.1568086,0.6376434,0.117398836,0.12977533,-5.275826,-2.0792046,2.0070126,2.4572346,-2.2127113,-2.3275845,-3.530426,0.87865645,-1.0778716,-6.257504,-1.7238063,-9.436486,-16.87864,-12.944414,-14.454674,-14.422659,-15.5849495,-15.6230135,-15.097191,-22.038637
127,-15.841752,-17.509895,-14.18312,-17.584053,0.33623785,3.1371813,0.43748036,0.7048872,1.3568751,3.7973452,-0.51342386,0.31687686,-1.266683,-1.4913042,2.514026,-0.7579558,1.4132605,-2.4961972,-1.5049758,-2.9750504,-0.18091267,-1.3905303,-4.5495114,-0.43234256,-6.2335286,-12.418268,-11.021215,-11.78315,-15.058722,-14.780785,-15.203188,-15.286673,-17.45101
128,-12.504603,-19.652845,-13.1825075,-19.678915,-0.65199345,0.3641334,1.5383742,0.21780857,1.3108641,-1.0764515,0.43389282,0.95291495,-0.55262315,-0.89695674,0.47764435,0.8842705,0.527282,0.8465378,-2.449798,-1.1165471,-0.78653747,1.6733587,-5.596573,-0.7194248,-7.9634047,-13.410037,-14.217306,-14.003031,-16.155653,-16.088049,-16.180935,-15.801792,-19.602587
129,-10.942589,-15.062949,-12.438942,-15.009179,4.970271,-2.3662264,-5.2765427,-0.11502926,-2.0895116,-4.4961734,-3.122678,-0.057049632,2.4477067,-7.196551,-5.9001412,-2.1343381,-0.4618119,-1.5388148,1.6602695,-0.5872428,9.566352,-1.3027135,-1.4895395,-3.9286318,-9.865677,-13.460171,-11.962015,-12.530518,-14.986488,-15.703115,-14.524767,-14.075729,-15.010187
0,-12.310313,-11.814223,-12.677695,-11.742076,8.853835,-1.5917511,-5.821663,4.201096,-1.9194444,-5.507899,-4.285699,-0.59283453,5.9818535,-6.9199653,-2.2317162,-4.7004943,-2.289362,-4.5453978,1.3500427,-5.0730405,5.4911256,-3.813722,-5.026897,0.6570342,-6.076561,-14.211685,-12.123391,-13.9141245,-14.60201,-14.819443,-14.666804,-14.4181595,-11.863848
1,-12.093789,-18.674772,-11.993178,-18.640238,0.3038939,-1.5602709,2.023568,-2.864988,1.8774176,-2.452795,6.430121,-0.5621494,-2.0678573,-1.4198349,-2.071309,0.32829565,2.1624763,1.7951655,-2.0620492,-0.119645864,-1.9155537,4.5430646,-0.6675357,-0.81202173,-4.327192,-10.769377,-11.319361,-11.74155,-16.408857,-16.199265,-16.748663,-16.151564,-18.66651
2,-11.767464,-18.57929,-12.935855,-18.586855,0.48029754,1.3468823,1.1143128,0.26973101,0.6970516,0.44104472,1.3608997,0.661039,-0.8408772,-0.008709008,0.70499945,0.23942754,-0.2303991,-0.638767,-1.2566369,-2.3466978,-0.7376644,-0.67818904,-0.8069202,-0.89622736,-8.083977,-13.68367,-14.10278,-13.787142,-15.623481,-16.149605,-15.835141,-16.039087,-18.605913
3,-14.892069,-19.254915,-14.559187,-19.246288,0.40440232,0.7090045,1.1547865,0.46915743,1.6323012,0.324417,-0.118028104,0.6513246,-0.6204846,0.56090754,0.65946543,-0.8690667,-0.15368325,-0.16992941,0.020299135,-0.8740523,-0.7927071,-0.5671968,-1.3954333,-4.3426695,-8.990005,-13.893757,-13.970651,-14.124603,-15.672518,-15.977702,-15.942593,-16.14667,-19.231375
4,-14.74083,-20.17054,-14.359473,-20.173605,0.91666114,-0.0410366,0.07171972,-0.13615082,1.2983329,-0.27143884,0.107689254,0.6337492,-0.07666016,0.03019236,0.5577906,-0.04621358,-0.11219006,0.49367586,0.27176416,-0.2644584,-1.030019,0.16692257,-2.6545587,-3.5447755,-9.662501,-13.680447,-13.435675,-14.105074,-15.600862,-16.15216,-15.973246,-16.024778,-20.12308
5,-13.228107,-18.505146,-13.490129,-18.510489,0.7018725,0.45215213,0.28771394,0.6998999,0.7989325,1.20136,-0.06646156,0.669773,0.04954865,0.42323694,0.78585374,0.61516815,0.34436435,0.23709346,-0.77523994,-1.4299712,-0.6132175,-0.6412299,-2.0937858,-5.3076735,-8.495202,-13.084015,-14.21087,-13.301347,-15.667933,-15.995431,-15.788216,-15.9775715,-18.521221
6,-13.499208,-16.18639,-12.458253,-16.212624,0.12621278,1.2626884,0.5950231,1.2297611,0.43562376,-1.916649,-0.48425055,0.3393262,-0.23873259,-2.6869266,3.9465158,-1.8067516,1.8676325,-0.5641783,-0.87398005,1.1070954,1.1556932,0.30670607,-1.7979932,-1.9816371,-6.822701,-14.37398,-13.454743,-13.588002,-15.914226,-15.718617,-16.184278,-15.911891,-16.13509
7,-13.2667265,-20.909431,-13.329536,-20.832312,-0.1504774,1.2725841,0.2367217,0.47234514,2.4166284,-0.28339663,-1.0523655,2.1265788,0.10079783,-1.850929,-5.465952,-1.5307786,1.1245095,-1.6904874,-1.0835007,-1.0030832,-0.12502459,-0.8981618,-1.4867618,-1.3098165,-6.2562213,-13.273852,-12.991161,-13.070219,-15.903807,-15.9279175,-16.08491,-16.207445,-20.853994
8,-13.510295,-18.738335,-13.753043,-18.710646,0.9336446,0.66662323,-0.53631413,0.49662063,2.0126941,0.5115899,-0.71528375,2.264102,0.11724907,-0.19176114,1.079419,0.17741928,0.023806905,-0.43572775,-0.45660082,-1.8103051,-1.1003547,-0.70559865,-3.1704738,-4.8529296,-7.8361173,-12.119977,-13.420475,-12.618463,-15.406433,-15.536547,-15.34573,-15.687841,-18.72864
9,-13.838342,-22.660421,-15.097299,-22.596706,0.5053269,1.0758065,-1.1579353,0.34647173,2.6565666,-3.0126064,0.06460606,4.4916267,-0.6686581,-3.117776,-2.2758303,-1.0440314,-1.1758205,-0.69306195,-0.6846397,-0.8118627,-0.594236,-0.2860349,-2.7497106,-3.7862897,-8.039138,-13.695117,-12.555817,-14.445228,-15.198036,-15.544088,-16.078934,-15.99527,-22.522514
10,-11.331688,-19.727512,-11.723786,-19.75012,1.3434806,1.6966337,-1.4763197,4.2134805,0.2165805,0.27526653,-1.9330033,2.3384979,1.4743208,-1.9255021,-1.1624843,-2.4455137,-0.34977847,-2.7445564,-1.4586282,-3.0417075,3.1451752,-2.4708548,-3.392175,-6.9669247,-5.45019,-12.504368,-11.338129,-11.408489,-15.2483,-15.205209,-14.873343,-14.634576,-19.710506
11,-14.550394,-20.16478,-13.325301,-20.16354,1.0821751,0.9821633,-1.5613806,2.061977,1.6453693,1.2427645,0.63226753,2.2922573,-0.24809518,-0.75373787,-2.072285,-1.6029625,0.17131895,-1.3698193,-0.8471073,-1.4796102,-1.0869629,-0.1298893,-0.6334031,-4.0906997,-7.8146853,-13.611474,-13.346428,-13.016996,-15.605359,-16.044535,-15.697762,-15.934577,-20.147648
12,-11.043587,-20.142733,-12.763834,-20.184134,0.9615282,-1.0640339,-0.16909632,-0.98540586,1.4623297,-1.4776629,5.59637,0.10987074,-1.7167091,-2.7522414,-3.4582827,0.6379957,3.3275046,-0.14369689,-1.4219481,0.32983306,-1.6784153,4.4591446,-1.1283102,0.73175126,-6.154628,-12.759571,-12.4183235,-12.158159,-15.875769,-15.5044365,-16.511755,-15.597167,-20.137894
13,-11.982247,-17.19057,-12.112223,-17.065313,0.8562687,-1.2599956,-2.591896,1.045665,0.26770532,-4.3972225,-4.028302,-0.57269907,1.0360532,-4.5721045,-3.4263988,-4.036117,-1.8234316,-0.99563414,7.6525946,2.4842737,0.15640417,-1.1330976,-3.4646235,-6.5050197,-8.028215,-11.69321,-12.360395,-12.225962,-15.104412,-15.319303,-15.295255,-16.084246,-17.058264
14,-12.842259,-16.902096,-12.710058,-16.93057,0.5382,0.9492864,0.71460414,0.25493705,0.74981475,0.07380647,-0.3022275,-0.37438184,-0.65163076,0.307848,0.3229024,-0.5387707,-0.42271748,-0.57562685,-0.06979891,-1.1297408,-2.0764587,-0.6767957,-1.897825,-0.37658083,-7.7419047,-12.6109295,-13.067183,-12.963681,-15.373312,-15.587173,-15.575182,-15.721429,-16.91195
15,-14.056422,-19.612284,-13.91076,-19.633951,0.75605166,0.64114094,-0.10536827,1.3244163,1.4506669,-1.1280708,1.082324,0.15595454,0.5093432,-2.6360953,-0.21002334,1.7093886,0.9531979,-0.7695058,-1.4402859,-2.259805,-0.025726907,-1.4457151,-4.8145447,-5.7914543,-8.994551,-13.053395,-12.737704,-11.761531,-15.6608925,-15.664555,-15.758802,-15.611228,-19.567183
16,-11.812747,-22.10316,-9.296251,-22.10846,-0.3816757,1.5972226,-1.0525131,0.6891367,2.2666948,0.22017044,-1.9280405,1.034108,-0.33145228,-2.1460354,0.69347006,-0.822309,-0.49132133,1.4522078,-3.9856064,-3.9912322,-0.6815045,-2.0689645,-6.4309363,-0.2535699,-10.72833,-13.838048,-10.660534,-12.618858,-14.671278,-14.632329,-15.005574,-14.811683,-22.1113
17,-10.47331,-21.708447,-12.623733,-21.637926,2.2797194,4.57838,-1.3299673,6.0954494,-1.207722,-4.522719,-3.9322753,0.94596076,3.5107706,-6.610149,-4.08739,-1.9601579,-0.65587324,-4.2890286,-1.0380125,-3.8494132,0.09233886,-3.200943,-5.229427,-2.5826645,-6.3411193,-14.642155,-14.310969,-13.378791,-14.013567,-14.762859,-14.965174,-14.09972,-21.64374
18,-12.472145,-17.786999,-12.186084,-17.816658,-0.10146679,0.74183124,0.67965233,0.28473818,1.4937818,0.41453305,0.49570674,0.7908496,-0.9993265,-0.016672147,0.8415787,0.84156084,0.31099677,-0.51089984,-1.1476809,-1.637721,-1.058223,-0.5470447,-2.744876,-1.6294359,-7.164447,-12.093073,-12.900807,-12.595343,-15.6179,-15.848706,-15.6925125,-15.765373,-17.760204
19,-13.42047,-19.024431,-13.852145,-19.012241,0.8921575,0.2931438,-0.98334324,0.37645,1.3967898,0.06584649,-0.26772964,1.7462208,0.50441027,-0.4750153,0.6844263,0.7535949,0.19697915,0.13854045,-0.04420516,-1.1111064,-0.7534371,-0.411266,-2.9159548,-5.295368,-8.257118,-12.610004,-14.034885,-12.958502,-15.592641,-15.797196,-15.628867,-15.810029,-19.023035
20,-11.869302,-17.7831,-9.725951,-17.716906,-1.6542358,0.9481048,0.28012994,1.004504,0.9674846,4.8229637,-1.1086969,0.5684145,-0.95384955,1.8912843,-1.1952205,-0.5100602,0.69930047,-0.42739183,-3.1381454,-1.8977094,-1.368014,-0.59786344,-3.7497692,-9.990469,-6.4112563,-9.282278,-11.714295,-9.742132,-15.064065,-14.046355,-14.7749195,-14.901674,-17.707281
21,-12.948771,-18.21419,-12.931029,-18.219242,0.6063036,0.8330714,0.7202434,0.16361281,1.2788202,0.7016241,0.14375192,0.38654122,-0.8193438,0.72057706,1.260348,-0.31255543,0.093256846,0.3637259,-1.1609825,-0.9435012,-1.1378942,-0.36558932,-2.998967,-0.9356592,-8.168984,-13.00128,-13.380921,-13.416899,-15.424322,-15.68358,-15.546063,-15.939797,-18.220263
22,-13.59462,-19.993797,-12.999302,-19.982412,0.6000266,1.598216,0.65304047,-0.6779868,1.5255846,2.1226401,0.8085234,0.68871963,-1.8680212,1.6367992,-1.9820129,-0.9405852,2.2401438,0.31519946,-1.1881028,-1.6661729,-0.88202286,0.67640764,-2.4409428,-5.2414546,-6.758397,-12.10054,-12.921246,-12.473545,-15.661785,-15.642755,-15.483145,-15.661002,-19.948633
23,-15.603683,-20.924942,-15.686416,-21.00236,0.28625548,-0.5042512,-2.317224,1.2311138,0.1742948,-0.74431056,1.2122263,2.1544602,0.4442749,-3.1826954,-2.2639706,1.0611155,-0.13308133,-0.73365813,-0.7792511,0.4235548,-1.0479236,0.81114954,-3.4220066,-3.3444452,-10.579092,-14.9210825,-14.005944,-13.982189,-14.986424,-15.656306,-15.39735,-15.352151,-20.91132
24,-7.972133,-10.262301,-11.715499,-10.2473545,-0.5422179,-3.0935717,-3.0739875,-2.0670059,-2.1317544,-3.0604477,7.4812236,-1.2575151,-1.4464432,-4.432718,-4.7745576,2.9942517,3.190131,-1.761866,-3.4382334,-2.0343556,-1.2829887,2.3702798,-1.0711892,-0.66799,-7.365711,-13.461773,-11.62104,-11.472159,-14.927432,-13.904975,-14.357868,-13.500869,-10.300393
25,-10.849276,-18.78695,-13.093907,-18.77137,3.273718,-0.58263975,-3.87517,5.78548,-1.0775993,-2.7694557,-4.2892795,2.3492775,3.2041197,-5.596249,-3.3523588,-3.987883,-1.0215839,-1.8117921,0.49459442,-2.9313042,3.408034,-4.508382,-6.762519,-1.2944739,-8.94654,-13.996264,-14.501109,-13.856035,-14.559955,-15.614904,-15.949817,-15.037596,-18.770004
26,-11.491068,-15.654056,-11.32925,-15.663936,-3.4928908,-1.2939142,1.1542786,-2.3156192,2.2360895,0.09980631,-0.93863153,0.27237746,-2.9511797,1.1307093,-2.7519677,0.6190905,0.4178924,7.7108316,-3.0054648,-1.6212457,-2.9156072,0.510342,-3.8651483,-3.4621701,-5.271279,-6.4031215,-9.926805,-9.681705,-15.727081,-16.153816,-15.85484,-16.027292,-15.527733
27,-12.519216,-22.408297,-14.322071,-22.349266,1.0810503,-0.31161729,-1.7457166,2.7982109,-0.5857124,-3.4075933,0.9793409,0.3591321,0.64042455,-5.413205,-2.221215,2.0009952,1.6310718,-2.0598822,-2.2028286,-3.1694813,1.6416047,-1.2467984,-6.1869774,-1.4852545,-9.614343,-16.560162,-12.461992,-14.238243,-14.366942,-15.361827,-15.556222,-14.996678,-22.291592
28,-13.706773,-21.205183,-13.626335,-21.153852,-0.14767346,1.4874591,1.5196741,-1.1731089,2.7989967,0.74087363,0.8388677,1.1883696,-2.2760484,0.26822704,-1.343883,0.4650778,0.936042,0.4045145,-1.8923078,-1.7120749,-0.99986637,-0.27258536,-1.4371207,-3.1285017,-7.9767246,-13.090121,-13.620943,-13.491207,-16.010815,-16.317934,-16.098852,-15.861225,-21.142698
29,-9.658256,-18.849596,-12.313363,-18.824427,4.8734994,3.2262535,-2.1253934,7.021586,-0.69776344,-6.858786,-7.849029,1.1940773,5.302803,-6.778911,-2.5375628,-8.433536,-5.6427116,-4.82197,-0.22665091,-4.8988113,2.9970315,-6.072748,-7.752488,0.5419827,-6.800136,-14.572638,-14.535875,-13.445572,-14.024032,-15.961917,-14.533552,-14.228073,-18.840094
30,-13.363324,-17.860296,-13.392031,-17.869722,0.13214423,-0.024644595,0.23108834,0.42171863,0.58518624,0.29835925,0.91874117,0.33575585,-0.2304725,0.03407765,0.014690543,1.1740087,0.0047451733,-0.1459174,-0.716824,-0.77135146,-1.1509391,-0.37509188,-1.3473529,-1.2193236,-8.360363,-13.057369,-13.70932,-13.388729,-15.568999,-15.866245,-15.83559,-15.990861,-17.845402
31,-12.978461,-19.519655,-12.642439,-19.549414,0.16075267,0.7719841,-0.11457734,-0.553205,1.0038033,0.98278743,0.77082074,-0.084542155,-0.8888497,0.7099808,-0.42050743,0.7324803,0.87331426,0.53761494,-0.96771866,-0.3188149,-1.1411009,0.32124773,-2.3129451,-4.533226,-6.6330514,-10.488167,-12.634576,-11.376944,-15.430743,-15.365529,-15.248411,-15.487407,-19.457102
32,-14.02473,-22.382385,-13.707382,-22.330051,-1.168618,0.6427513,0.8427444,-1.6192294,2.2411933,-2.3151941,1.1231645,1.4612108,-2.4877312,-1.8690596,-0.70687765,0.26009998,0.7144687,0.98956484,-2.9860013,-1.4342817,-1.5595381,1.9869726,-4.670141,-7.193094,-8.358823,-12.611098,-12.8923025,-12.404083,-15.3247175,-16.216417,-16.24193,-15.421345,-22.218113
33,-14.18793,-23.12962,-15.272602,-23.059189,1.5722554,1.6587288,-0.9426919,2.3501656,-0.47094965,-3.316556,-3.5783262,-0.24474147,1.7718669,-5.1546874,-6.7463193,-3.6838367,-2.942336,-2.7626686,3.6547217,-0.03371054,2.619669,-2.313261,-2.6288834,-0.7291344,-8.799469,-16.194248,-13.383091,-14.74186,-15.124159,-16.19083,-16.07254,-15.835452,-23.082296
34,-12.874748,-17.822096,-12.388845,-17.82184,1.0970398,1.6158684,1.5599616,0.57243484,1.2937287,1.4706118,0.9581356,0.766304,-1.7938113,-0.18901151,2.1952548,-0.12824467,1.0839692,-1.5704128,-2.3079104,-2.7683136,-0.8873858,-1.0178506,-0.789025,-3.7203343,-6.552291,-12.525308,-12.71821,-12.754049,-15.459356,-15.529567,-15.463044,-15.543991,-17.862644
35,-13.839722,-20.645271,-13.21953,-20.635283,4.267128,3.0577672,1.4299109,4.2313423,1.3621225,-6.373323,-6.2032013,2.3853939,3.4438722,-6.730633,-3.366537,-6.276256,-5.009296,-4.182569,2.0304792,-1.6450437,1.8090042,-5.299572,-1.2671566,1.2997504,-7.4779954,-15.616317,-14.725056,-15.526983,-15.127661,-15.610171,-16.11706,-14.855853,-20.636007
36,-13.573508,-18.272362,-12.94483,-18.263802,0.76901096,0.4957376,0.38363937,0.55240935,1.0691379,0.4408296,-0.1831252,0.3881354,-0.1389037,0.27433884,0.23475303,0.24028116,0.07635386,0.12769161,-0.31626093,-0.96718603,-1.0481079,-0.49857587,-1.8915308,-4.390504,-7.9162483,-12.5216255,-13.810589,-13.02322,-15.365685,-15.708488,-15.640835,-15.757723,-18.28537
37,-12.545493,-19.28408,-12.520559,-19.212862,-1.7547182,1.5427564,0.86123466,-0.44611704,2.579545,1.1664989,-0.39257148,2.2859614,-1.4837502,-0.11051355,0.19631585,1.5182774,1.9892433,-0.41074964,-3.2304637,-3.3203661,-1.9857173,-1.4209299,-5.459105,-0.86423486,-8.355569,-12.008603,-12.785938,-11.48878,-15.320555,-15.0711775,-15.57437,-15.762784,-19.246984
38,-12.0291195,-20.725767,-13.33133,-20.738853,3.6308863,-0.51260114,-3.6282837,3.8056684,-2.0921013,-3.4291599,-2.798642,-0.41662645,5.9339075,-4.0996957,-2.907421,-2.721681,-2.572065,-2.664669,1.5276293,-2.5463064,2.5343525,-3.6373394,-2.9064832,-7.3749557,-3.699727,-13.8031,-14.23259,-13.766012,-15.863154,-16.632942,-15.4976845,-15.7705765,-20.739267
39,-10.151121,-16.892431,-9.187878,-16.836857,-0.14284554,0.62740403,0.1648102,-1.3236903,0.44850525,-1.8208201,8.179166,-0.64862406,-3.3729708,-4.065478,0.91259927,3.9124231,3.3334816,-3.4575543,-4.043676,-3.4483874,-1.4660093,1.2879579,-0.66607034,-1.9702975,-4.963102,-12.213972,-10.4590645,-10.80084,-16.07138,-14.542671,-16.24935,-15.183462,-16.854813
40,-14.173221,-18.75316,-13.7477255,-18.747305,0.806627,0.65227085,0.18310396,1.3310988,0.9412473,0.8678586,-0.6958007,1.1320446,0.72860974,0.03270243,0.7458372,-0.26904032,-0.22348431,-0.53582144,-0.54372495,-1.112714,-0.21690828,-0.9639689,-2.2989728,-4.998946,-8.698447,-13.370094,-14.1434355,-13.472223,-15.477106,-15.739046,-15.576481,-15.800307,-18.761961
41,-12.956992,-17.908352,-12.340866,-17.900154,1.2507071,1.8486092,-2.3231242,2.9633498,-0.3566681,-0.83389056,-2.4336433,1.2051266,0.76923436,-1.4594396,1.9747602,-3.0789087,-0.83880454,-2.9024546,-0.85728264,-1.6385818,-0.2554365,-2.16375,-0.80613154,-1.3504118,-5.6847863,-12.62018,-12.614794,-12.83983,-14.964823,-15.800991,-15.906269,-15.914918,-17.927122
42,-13.307454,-18.29478,-13.339011,-18.290352,0.994448,0.45068938,0.17591153,0.95626116,1.0976422,1.1559324,-0.8949519,1.0127835,0.3441991,0.68803686,0.579704,-0.5045216,-0.15013844,-0.5999758,-0.20747791,-0.93516517,-0.72678465,-0.6670201,-1.7194664,-4.520129,-8.439347,-12.907013,-13.842713,-13.185289,-15.41097,-15.698322,-15.562613,-15.81885,-18.304832
43,-12.08436,-18.533848,-11.0131,-18.567871,2.5206854,1.5846359,-0.17274183,0.075202495,1.6966375,-0.42867148,2.4058428,0.6074766,-2.3843653,-3.6600406,-6.1712885,-0.68672514,1.8025936,-1.4294243,-0.28255093,0.098776415,-0.91238445,0.6386936,-0.693145,1.2901403,-8.038734,-13.890845,-12.844149,-13.317954,-15.885746,-15.655214,-15.536107,-16.02228,-18.536482
44,-9.500581,-18.771736,-9.976721,-18.725096,-2.059496,-0.92519593,-0.11746816,-1.5834522,-1.243655,4.627764,0.98676854,-1.1874413,-2.042424,2.14932,-2.8152637,4.0826483,3.1599956,0.5358553,-4.264718,-2.9596438,-1.751206,-0.041787125,-4.268615,-7.693624,-3.8382866,-9.936526,-11.346871,-8.405305,-15.8322115,-14.899892,-16.161926,-15.106845,-18.696463
45,-13.422101,-17.92478,-12.803634,-17.929213,0.8643655,0.20673966,-0.22191331,0.59071743,0.5728121,0.59663683,0.012283798,0.36607936,0.43358043,-0.066254154,-0.20367907,-0.10704713,0.27679086,-0.03739079,-0.18049487,-0.5006433,-0.2965794,-0.42686376,-2.0885394,-2.7653835,-8.107625,-13.266979,-14.212824,-13.250448,-15.506508,-15.865625,-15.811402,-15.853862,-17.927002
46,-12.639386,-21.590612,-13.990766,-21.55945,2.6605265,-0.40277332,-4.347569,4.973468,-1.0132117,-2.626971,-1.0664028,1.290861,3.9809394,-4.1265717,-4.9526486,-1.0629236,-1.9631616,-1.8018068,0.8726116,-1.5823636,1.126862,-2.714771,-3.435008,-7.207783,-6.221802,-12.879156,-12.331055,-12.750053,-14.753471,-15.214222,-14.838421,-15.871005,-21.549706
47,-12.91231,-16.567822,-10.853417,-16.575972,-2.8922243,0.5678424,6.761808,-0.7782545,1.0471417,-0.07320698,-0.21106176,-0.77981603,-2.3229616,0.8336343,-0.018320575,-0.5450094,-1.3889035,0.2623996,-3.8202057,-2.9228494,-3.3993394,-2.0436554,-3.724839,-0.63108075,-10.0222025,-12.039812,-10.566796,-12.422024,-15.183333,-14.850285,-15.347036,-15.161733,-16.57096
48,-13.841057,-18.730835,-14.006999,-18.69605,0.9486546,0.48664114,-0.2648117,0.5896214,1.3429887,-0.124086976,-0.22150648,1.1768439,0.34410128,-0.4720565,1.2471904,0.43653947,-0.12362098,0.043762095,0.10919101,-0.71862394,-0.84951454,-0.5821002,-2.1629105,-4.4955125,-8.149415,-12.768179,-14.015566,-13.272743,-15.676647,-15.92126,-15.706256,-15.887139,-18.753294
49,-8.314288,-12.199322,-9.426962,-12.243106,6.712781,1.0491127,-1.424179,8.044889,-1.8517951,-5.804008,-7.0147963,-0.822173,3.2241752,-6.8261065,-4.3590093,-7.488837,-7.0865006,-7.6655245,0.18121058,-6.1684833,2.860116,-8.112186,-4.39401,-1.359249,-5.009663,-11.964459,-9.0078125,-10.90212,-13.233057,-13.944044,-14.267138,-13.410875,-12.183155
50,-12.064149,-21.37238,-12.104327,-21.330303,-0.87842435,-0.6033497,-0.7479836,-0.39877567,1.5740237,-0.069355674,2.6099143,1.6023047,-1.069307,-1.4789582,-2.7164018,2.6303914,1.5457004,0.9004402,-2.473561,-1.9056971,-0.9791899,0.6009924,-2.6147807,-1.821721,-5.8900695,-10.792358,-12.004892,-11.341696,-15.539268,-15.681531,-15.970245,-15.352906,-21.282778
51,-8.183982,-15.947288,-11.548419,-15.966467,4.19825,-0.25072008,-3.2188413,6.651699,-1.9024872,-4.4788284,-5.384034,0.5643049,7.23722,-5.8005724,-2.463501,-5.166175,-3.9060183,-4.5597825,1.2216663,-3.1557677,3.8042808,-6.0185432,-3.8730998,-5.1955075,-3.5776253,-11.524085,-11.935809,-11.198942,-14.494183,-15.617686,-14.611774,-14.772622,-15.916814
52,-12.390866,-18.037617,-11.154087,-18.069338,0.3331333,3.934855,1.4890213,1.4084952,1.8780191,2.376167,-0.7589522,2.091567,-0.744579,0.05470018,2.0238771,0.13609387,0.2680125,-2.3588839,-2.7406886,-4.4007797,-0.9406097,-2.423075,-4.8618283,-1.9996861,-5.129121,-11.088085,-11.040724,-11.007799,-15.112425,-15.275835,-14.471627,-15.010367,-18.011213
53,-13.242265,-18.48291,-12.249063,-18.440582,0.2952421,0.7772595,1.2113659,-0.1313008,1.3319273,0.4144997,0.6353613,0.35515264,-0.9626555,0.026371526,1.2946911,0.25920284,0.38669142,0.051944606,-1.0756806,-0.90044767,-1.5013808,-0.21750496,-1.5486524,-5.8354096,-5.7380853,-9.758218,-11.736654,-10.885859,-15.486557,-15.470884,-15.414881,-15.390544,-18.487778
54,-8.176605,-15.094041,-8.104647,-15.095163,-2.292274,-2.936231,-1.8895925,-2.5284233,0.2854092,2.0912051,3.373638,-0.9948652,-1.8063284,2.113951,-4.4524965,3.9482462,1.1745201,0.96788406,-4.0891466,-2.6054873,-2.7963605,1.7509775,-4.0850377,-6.2416625,-5.2278614,-11.075365,-12.770199,-9.585116,-16.456137,-14.713756,-15.255386,-14.659091,-15.089442
55,-12.283173,-17.45961,-11.998073,-17.492743,1.1665462,0.9273564,0.4330649,0.56391925,1.4543537,0.07156016,0.43408865,0.30778182,-0.6164239,-0.89499146,1.5214193,0.46636048,0.74166816,-0.9094634,-0.21341802,-2.020645,-1.4420828,-0.96756446,-1.8704325,-1.3146094,-6.9192686,-12.490267,-13.325865,-12.757203,-15.63611,-15.851992,-15.645937,-15.874208,-17.448019
56,-12.106951,-16.833744,-10.8202505,-16.827774,0.23322959,0.7051321,1.6646765,-0.73571754,1.4846704,0.8036384,2.6663136,-0.32105058,-1.4414841,1.3123947,1.0718094,-0.19014767,-0.18832457,-1.1647179,-0.9935763,-1.9510783,-1.2337577,-0.1824108,-2.5953991,-2.683578,-5.342539,-10.98028,-11.766323,-12.003389,-15.7736635,-15.447796,-15.587354,-15.593376,-16.801027
57,-13.467373,-18.15045,-13.741711,-18.157839,0.61144453,0.30946735,0.82852876,-0.50984734,1.4130089,-0.82963634,1.6382284,0.66933686,-0.4261847,-0.70050454,1.2795871,0.8266655,0.7618104,1.2093606,-0.119690046,-0.20368025,-1.077275,0.69593793,-1.407633,-5.086383,-8.08832,-12.877619,-14.151928,-13.46635,-15.864342,-16.124126,-16.216112,-16.046207,-18.130081
58,-12.564383,-17.788288,-12.706597,-17.812674,0.5810866,0.88425714,0.7382965,0.49367994,1.7436308,-0.33378977,-0.02059258,1.2934775,-0.01815868,-0.7800886,1.4741831,0.5038565,0.93384033,0.5118996,-0.62550545,-1.8222996,-0.7477969,-0.8986707,-3.877706,-3.2371051,-7.938489,-13.197512,-13.6327915,-13.071711,-15.642767,-15.818707,-15.6421,-15.938638,-17.793917
59,-12.93768,-19.716103,-12.265244,-19.69293,2.017265,2.927088,2.3602602,3.191738,2.2148678,-3.751745,-3.5365717,1.6163188,1.6837349,-4.6982107,-1.953852,-3.7650516,-3.3717692,-3.5730343,0.37312883,-2.9483378,0.14453372,-4.8771715,-3.1844912,1.344616,-6.8205256,-13.196305,-13.061881,-13.297847,-14.960003,-15.423018,-15.443525,-14.949852,-19.700653
60,-14.490212,-18.655235,-13.922164,-18.603615,-0.01600175,1.5788662,0.7575738,-0.12491572,0.91565603,2.7771888,0.010417838,0.75798875,-2.2269073,2.9641714,2.4930017,-0.3648546,0.9976734,0.3453349,-2.904984,-2.642191,-2.1294017,-0.39231026,-3.5822444,-2.0217946,-8.189592,-13.069224,-12.511488,-13.342459,-15.279342,-15.147997,-15.414271,-15.48287,-18.698185
61,-12.804246,-16.902893,-12.404889,-16.919367,0.62847066,0.31977618,0.42111906,0.22314158,1.2498884,-0.37294933,0.21996547,0.31322202,-0.27925658,-0.36370233,0.5178996,-0.091637254,-0.38589093,-0.50638044,-0.32663855,-1.2109772,-0.9813582,-0.8025444,-1.8472264,-0.6558896,-6.690544,-12.3878145,-13.411995,-13.05015,-15.610379,-15.935159,-15.740982,-15.989183,-16.901812
62,-14.440439,-21.32324,-14.883562,-21.342928,0.8042635,1.0125434,-2.0907185,1.5032194,3.296964,-2.857086,-0.9523767,2.9134443,1.5368778,-4.3727074,-4.3763323,-0.9200448,0.049311962,-1.1317086,-0.41839993,-1.0570039,0.307256,-0.21216172,-3.9919512,-7.233854,-8.673911,-12.667804,-12.717198,-11.56609,-14.140479,-15.023039,-14.989176,-14.544046,-21.144287
63,-13.567343,-18.619677,-12.834745,-18.58387,3.480189,4.052063,-2.22787,5.3506517,-0.3871372,-4.591913,-4.447684,0.93478596,3.986541,-5.4027185,2.828035,-5.39938,-3.4809382,-5.503317,0.46515527,-2.6053917,0.19049379,-3.7138624,-3.5055737,-2.4482012,-5.8741007,-16.234962,-14.83878,-15.136373,-15.139752,-16.172955,-15.457023,-15.692926,-18.617392
64,-11.4600315,-19.265604,-11.242554,-19.239258,-0.78476804,-0.43068346,0.008180983,-1.0321944,0.20825589,-0.076188035,3.4069736,-0.044164017,-1.5489081,-0.6781346,-0.4865945,5.285669,0.5693128,0.02992221,-3.0625303,-2.8669286,-1.2780974,-0.7109657,-2.253528,-6.4312115,-6.6987033,-12.535839,-12.75555,-12.371445,-16.233475,-16.287224,-16.206888,-15.245653,-19.22644
65,-10.128254,-17.679468,-12.936026,-17.609411,0.29318863,-1.4057542,-2.136949,-2.0608025,-0.36638382,-1.241666,6.2783866,-0.38521862,-1.376444,-3.4146485,-0.6392697,6.7580204,2.1431518,-0.4293552,-4.277751,-3.4426627,-0.1944807,-0.11154053,-2.930394,-2.6799417,-7.9772224,-15.135533,-14.307591,-12.847364,-15.666341,-15.767562,-16.126194,-15.178833,-17.674007
66,-13.369898,-17.901005,-12.257849,-17.926542,0.92626315,0.632222,0.6288246,0.6557064,1.2170202,0.16685958,0.05108163,0.43828028,0.009462214,-0.2149562,0.5874429,0.10994339,0.3178611,-0.6300491,0.06523006,-1.298065,-1.0722158,-0.9485911,-2.2018547,-2.1612096,-7.2731214,-12.494901,-13.591552,-13.069637,-15.445933,-15.8412,-15.696013,-15.9280615,-17.900766
67,-13.391237,-19.482742,-12.864574,-19.504658,0.09859907,-0.15265644,-1.9762738,0.9561445,1.3595909,1.1895638,1.1413133,1.5573341,0.55722857,-0.4161159,-0.90055853,1.4556187,0.66740143,-0.19560513,-1.0851336,-1.2594715,-0.93400025,-0.39082444,-3.0019612,-4.033735,-6.9941583,-10.676622,-12.419167,-11.134125,-15.526412,-15.323801,-15.15669,-15.23766,-19.434216
68,-5.852629,-8.919901,-5.9586964,-8.896692,-2.0220463,-1.6517363,-4.006289,-1.9090538,-1.6187768,0.1259596,3.320884,0.1816285,-1.8312093,-2.0899496,-5.170122,12.041668,0.73135185,1.1601685,-5.08117,-1.8920376,-0.090431035,-0.27909,-3.6873631,-2.1450016,-1.8984257,-9.981609,-8.478009,-10.182566,-15.141668,-14.561696,-15.40024,-12.441336,-9.009738
69,-12.244157,-14.904533,-11.599095,-14.899846,0.89090466,-0.5124246,-1.8962699,-0.035070933,-1.0848511,-0.9212227,4.2488766,0.48901144,-1.286397,-5.802096,-6.7345834,9.416628,2.4985077,-1.2666345,-3.3982148,-2.151531,0.9924431,-1.369425,-4.1352835,-0.94243646,-6.846532,-14.751419,-13.386035,-12.362869,-14.94937,-15.670228,-15.515017,-14.595154,-14.847397
70,-12.513442,-18.676916,-11.427651,-18.672728,-2.2641468,2.253364,6.4779916,-1.4035562,1.3405365,1.8757526,0.9873975,-2.0003161,-4.8823338,2.22053,-2.4669151,-0.19511901,-0.1362442,1.152794,-3.9955444,-3.2654192,-3.0427034,-0.6652563,-3.0208747,-3.889172,-5.8005824,-10.361761,-10.849975,-11.54489,-15.712076,-15.220833,-15.590278,-15.417837,-18.61034
71,-5.917672,-7.3265743,-4.766082,-7.35592,8.489517,-3.6836364,-6.645906,0.14816506,-3.9769607,-5.4679656,-3.8134677,-4.4370246,1.6975417,-6.7089343,-1.853037,-4.5904684,-2.4286146,-5.111433,5.7746415,0.2964998,4.5304027,-2.8029525,1.3445859,-2.1880426,0.89902794,-10.447317,-10.52412,-10.708046,-15.21979,-15.583949,-15.064719,-14.616325,-7.3446794
72,-13.127656,-22.770353,-13.486328,-22.799305,1.1599027,2.8258197,1.1006811,2.4096656,2.7372622,-2.531087,-1.6832092,4.034431,0.44725382,-2.3157923,-0.6801659,-2.856448,-2.379358,-0.75262177,-1.9413136,-3.894354,-1.0165668,-2.113302,-3.5614002,-1.6050012,-8.144947,-14.5626,-12.846658,-14.370796,-15.219499,-15.727748,-15.711507,-16.14156,-22.711603
73,-11.219818,-19.834675,-11.716049,-19.75476,4.291222,2.5487742,-2.3643012,5.3317122,-1.5207256,-3.0984836,-4.0406733,1.7795012,4.57141,-4.9752865,-4.1471233,-3.5485475,-2.6220427,-4.1999025,0.7047607,-4.0651193,2.211971,-3.4927392,-2.632178,-3.1717732,-4.765579,-12.23037,-13.008469,-11.861851,-14.731153,-14.877356,-14.754184,-15.155624,-19.792688
74,-13.216136,-18.770422,-13.12012,-18.781218,0.5913364,0.69616425,0.16214699,0.33001614,1.2702687,0.11925566,1.0076903,0.64922327,-0.47448623,-0.87186295,0.81312037,0.67223454,0.76845294,-0.023345243,-0.27504796,-0.8534497,-1.0892404,-0.08872452,-1.4674015,-4.761015,-7.824661,-12.729433,-13.566256,-12.9404955,-15.612705,-15.867203,-15.725648,-15.84674,-18.76835
75,-13.798028,-21.778059,-13.803045,-21.748983,-0.06473096,1.389457,0.6229856,-1.0847234,2.4586651,2.1350968,1.3584561,0.51717645,-2.8328314,0.3749161,-5.1727886,1.1210569,1.1763855,2.2553973,-2.1634111,-1.6622038,-0.80963194,0.31981292,-3.3333564,-6.0894003,-8.865045,-13.419061,-14.201544,-12.974987,-15.5811405,-15.412726,-15.489769,-16.019371,-21.734295
76,-13.019611,-19.951603,-12.509086,-19.980925,0.036765322,1.27346,0.7893167,0.7871194,1.8508785,2.4228082,0.99747795,1.6529753,-0.86483896,0.7732678,-2.7869785,-0.6757977,1.3837287,-1.0225772,-1.8223101,-1.6160777,-0.824745,-0.17161828,-3.122682,-5.542003,-7.948427,-11.86476,-12.342123,-11.824162,-15.554507,-15.247735,-14.962098,-15.38944,-19.922037
77,-11.66983,-17.037922,-11.107921,-17.028864,-2.1212215,-0.20994042,1.018484,-1.8487235,0.10772659,3.0536778,-1.5923011,-1.1554333,-3.36915,6.9140725,-2.1537504,-0.991637,-0.27896407,2.6258106,-3.0310967,-1.2236558,-3.1706965,-0.15960869,-3.791382,-3.2514405,-3.5873952,-7.66905,-10.005464,-9.639832,-16.201042,-14.814772,-15.880093,-15.1882305,-17.032276
78,-14.415135,-17.391747,-12.866865,-17.400553,2.2020133,-0.8082978,-1.2836035,1.694748,-0.487701,-2.9706616,-2.992261,-0.5733574,2.6790328,-2.2643938,1.2104436,-4.9948993,-0.72427976,-1.4839073,1.5648432,2.112456,0.6132656,-0.8023359,-2.3672688,-10.753059,-6.50309,-12.963921,-14.649238,-13.624855,-15.334523,-16.618864,-16.308224,-16.410883,-17.380749
79,-13.486582,-19.247246,-13.528799,-19.218185,0.6271724,0.75781983,-0.46110147,1.0964036,1.2580531,-0.16685833,-0.359411,1.7103225,0.6571667,-1.1448908,0.21913442,0.1547706,-0.2419527,-0.33525994,0.11324432,-1.2013947,-0.66010964,-0.8599698,-2.1096122,-4.3478518,-8.120484,-13.0699215,-13.853177,-13.196323,-15.529917,-15.80899,-15.543654,-15.737509,-19.269102
80,-15.114259,-24.217232,-16.39885,-24.217474,1.3204013,0.90295696,-1.9630892,2.2266064,0.084901094,-2.67335,0.10308139,0.37260818,1.5199697,-3.0261195,-4.685818,0.26149765,-0.92499584,-1.0942106,-0.24531788,-0.7717961,1.4338559,-0.83183855,-3.7063155,-0.9395262,-11.022728,-16.318493,-15.245833,-15.1224575,-15.239404,-16.252893,-15.951223,-16.29,-24.123562
81,-8.827246,-12.895506,-11.016646,-12.853577,0.37081185,5.2831793,-0.4340263,0.5039385,2.2172248,-3.6077826,-3.2544115,1.6554213,-1.687247,-4.8238945,9.4565525,-4.747063,-1.80026,-2.9413633,-3.8269827,-4.6569414,-2.6375496,-2.0361474,-7.226456,-4.1228666,-3.6975458,-11.2706785,-12.560236,-11.243748,-14.834135,-14.381846,-14.971325,-14.490885,-12.889418
82,-12.234745,-17.241594,-12.210837,-17.258783,0.3404152,0.19377121,-0.027788043,0.087996684,1.1965246,1.1151866,0.4020611,0.6153776,-0.016587093,0.4067751,0.8116858,0.4347492,0.46642387,0.4684321,-0.45224607,-1.0461015,-0.9021861,-0.83866715,-1.8313485,-2.2567291,-8.0815325,-13.144433,-14.039008,-13.167027,-15.501827,-15.828901,-15.640541,-15.916586,-17.250706
83,-12.089871,-21.39741,-11.243734,-21.372822,1.706615,-0.92520136,-1.6064572,0.55112237,0.54176724,-1.1500399,-0.1954856,-0.42608473,0.13832107,-1.5547425,-4.0763335,-0.5114993,1.9663284,0.37039056,0.18893115,-0.660108,-0.7020882,1.7125174,-3.166841,-5.568671,-6.4466457,-10.185808,-11.923683,-10.380272,-14.831385,-14.983979,-15.105313,-15.221413,-21.321405
84,-13.981867,-21.981518,-13.332956,-21.914347,-0.5161967,1.2229433,0.3753127,-0.6693254,6.83582,-2.6493073,-2.2366824,1.5620077,-1.4867498,-2.137164,-0.3004705,-3.1066031,-1.369982,0.91967475,-1.1816444,-1.4859524,-1.4933181,-1.1613276,-3.5291057,-2.6969986,-9.611663,-13.711435,-10.277273,-13.325232,-14.472089,-15.041118,-15.418774,-15.0974455,-21.853443
85,-12.183184,-19.565807,-12.880002,-19.54123,2.8391721,3.5924792,3.3536823,3.0137637,1.4447049,-5.3524847,-4.6210756,1.292007,2.1530454,-5.22113,-0.19805387,-4.567629,-4.6536274,-3.8575666,1.7975932,-2.7619069,0.34360006,-5.233594,-2.9037492,0.90077055,-5.7688684,-13.581248,-13.1668,-14.131644,-15.55602,-15.840566,-15.945851,-15.467226,-19.578468
86,-14.283585,-19.991186,-13.09113,-19.971725,0.6704309,2.1433437,-0.5483613,0.13724269,2.3642142,0.47503582,0.6168124,1.1995403,-0.8277831,0.103790835,1.7472811,0.5449653,0.647877,-0.42630258,-1.3608251,-1.9388511,-0.88914835,-0.4791877,-2.9181964,-6.210176,-7.3694296,-12.292462,-12.988179,-12.69338,-15.754472,-15.4550295,-15.598048,-15.520876,-20.025484
87,-12.301,-17.394117,-11.051268,-17.415552,0.5189278,0.75703436,0.6716554,0.46345088,0.7964431,1.0232388,-0.36563006,0.9055913,-0.49212632,0.66670644,1.1488369,-0.37819377,0.34714353,-0.46025267,-1.564508,-1.3664477,-0.700176,-1.0447284,-2.7760417,-1.0882916,-6.8355384,-11.559111,-12.944212,-12.382984,-15.476898,-15.804349,-15.727068,-15.636513,-17.378584
88,-14.596809,-19.09256,-14.626751,-19.109184,-0.008489706,0.36639717,-0.5567166,0.5516063,1.5456901,-0.09669035,1.5165555,1.8090156,-0.69437575,-0.42552546,0.37350944,0.18699855,0.18453643,0.18728043,-0.43970668,0.58666706,-1.6588463,1.2603384,-1.5679759,-3.4188373,-7.878189,-12.690248,-13.215491,-13.285207,-15.533417,-15.705289,-15.494108,-15.772245,-19.100666
89,-12.657641,-13.26316,-13.216139,-13.199452,8.128106,-0.53872657,-5.7322063,4.795791,-1.6920261,-5.4060097,-5.1876683,0.2420625,6.3738546,-6.8900948,-2.8321342,-5.167912,-2.625607,-4.409398,1.2618393,-5.242424,5.83477,-4.4669,-5.63444,0.5595568,-7.8303275,-15.205632,-12.721024,-14.557367,-14.640245,-14.792328,-14.83902,-14.2074,-13.279873
90,-12.855597,-17.277971,-11.870497,-17.305094,0.91097105,0.58350086,0.35502934,0.7483092,1.4218861,-0.28103897,0.48213232,0.5245176,-0.108377725,-0.7779955,1.2176079,-0.22781216,0.2668755,-0.873016,-0.024779473,-1.1805043,-1.4548012,-1.0340481,-1.3900217,-1.6811486,-7.0068555,-12.676868,-13.81294,-13.056686,-15.71193,-15.876623,-15.882109,-15.888542,-17.300552
91,-10.850079,-10.808843,-9.958347,-10.731374,6.5281105,-3.770388,-3.847942,-0.6738819,-4.305078,-5.223485,1.869603,-2.9112456,0.6245647,-6.545384,-2.038236,-2.3657174,0.77510554,-1.4970008,3.083833,-1.8597771,1.9566872,0.7070857,-2.024476,-5.34403,-7.350393,-14.439999,-12.046711,-13.312643,-14.518825,-15.240614,-15.233339,-15.047975,-10.676914
92,-10.481401,-18.827055,-12.016023,-18.781591,1.0104783,0.62774736,1.460605,-2.3146932,0.68760306,-2.9205446,6.526686,1.3908548,-3.4265368,-2.1427238,-2.8612683,1.6710341,1.7500246,-1.2000474,-1.506763,-0.8109432,-0.76061535,2.5392053,-0.7898312,-1.2210975,-5.724735,-12.122219,-11.57556,-12.405907,-15.653476,-15.167604,-15.821009,-15.244375,-18.786652
93,-14.771012,-21.39876,-14.4136715,-21.336601,-0.5757094,0.20731445,2.996756,-0.2637765,1.3225023,-0.32907203,-1.3220613,0.07396303,-0.9244837,0.027727555,-1.1258677,-2.3208716,-0.5927908,0.9265966,-1.5106735,-1.3915642,-1.1299261,-0.92081976,-2.5868337,-0.32931346,-8.886881,-13.9850235,-13.594809,-14.324358,-15.743874,-15.502412,-16.404732,-15.925959,-21.327639
94,-13.822677,-18.44642,-13.30606,-18.439837,0.64239776,1.1246799,0.20865929,0.5582105,1.2751732,-0.4408524,1.1985853,1.3586104,-0.051451165,-1.1017045,1.9665053,-0.9879317,0.3520988,-1.0476681,-0.38753554,-0.96953845,-1.3653201,0.012553051,-1.291825,-5.3299975,-8.090892,-13.778243,-13.440603,-13.678663,-15.701245,-15.910624,-15.797383,-15.911686,-18.449453
95,-14.441539,-17.750551,-14.285183,-17.734459,0.5214202,0.49947324,0.32677057,0.13884318,1.1745805,-1.9470912,-1.572709,0.7148245,-0.007310925,-1.8596436,3.3246849,-2.478497,0.5892702,-0.12987053,-0.17821394,0.04061548,-0.828775,1.1679753,-2.4200609,-6.0828595,-8.287091,-13.185879,-13.516947,-13.699354,-15.729141,-15.781867,-16.152538,-16.06611,-17.749208
96,-14.044309,-18.534954,-13.999983,-18.515417,0.89610463,0.67819214,0.17522334,1.0945232,1.2111213,0.71950924,-0.80185986,0.9981284,0.50641555,0.10635982,1.3508948,-0.10158523,-0.13809794,-0.4016099,-0.6426241,-1.0368677,-0.67684996,-0.64163816,-2.4700286,-4.384817,-8.132099,-12.811218,-13.626322,-13.108762,-15.551146,-15.651247,-15.605946,-15.721886,-18.532484
97,-15.20506,-20.566608,-14.106826,-20.566345,0.61956245,0.74462247,-0.041287445,2.456199,0.89500964,2.2531495,-1.3547311,0.98439103,0.8468487,1.5523602,-2.452289,-2.4185522,0.31580934,-1.362658,-1.3442034,-1.2767432,-0.8625161,-0.6212503,-2.56206,-6.2233567,-9.006041,-13.165123,-13.685368,-12.795242,-15.445152,-15.843261,-15.3446665,-15.728739,-20.536453
98,-15.102827,-19.768564,-12.794861,-19.7626,1.4699267,-0.9909407,-0.7298929,0.7413107,0.60267615,-0.9609243,0.17234917,0.59238905,0.5037078,-1.2390755,-0.34699756,-0.43533003,-0.0053821653,0.44976494,-0.10878037,-0.19927464,-1.0691732,-0.10591397,-2.7909484,-5.6340375,-5.4550104,-10.012581,-11.107613,-10.803632,-15.204167,-15.395197,-15.897259,-15.675823,-19.677135
99,-10.88513,-19.97733,-10.15066,-19.944878,-0.82870084,1.2058,-0.26734135,0.036969148,5.0368404,-2.2207856,-1.5309286,5.5286717,0.0042342525,-2.9131157,-4.2227974,-1.4939189,-1.3478063,0.571664,-2.8239388,-3.353245,0.06974423,-2.4471958,-5.4816103,-5.8771925,-6.0312085,-10.585942,-11.585044,-11.24991,-14.996882,-15.693525,-15.375077,-15.2860365,-19.92476
100,-13.810262,-20.027328,-13.946561,-20.06745,-0.39939728,5.387455,0.9314812,1.834442,1.9309045,0.2761481,-0.8914374,2.5664604,-1.0846267,-0.98700076,2.6633303,-1.8615005,-1.1012458,-2.1511981,-2.7789085,-3.7322497,-1.1195029,-2.1759243,-4.14314,-7.0514317,-5.8735666,-13.29617,-12.887047,-12.752968,-15.371029,-15.422202,-15.080265,-14.845709,-20.03353
101,-12.492399,-17.10868,-11.895798,-17.107044,0.29876655,0.06749068,1.1243731,0.25179592,0.81979585,0.4316249,0.18899494,-0.07350718,-0.60807943,0.6070403,0.4260342,0.067926474,-0.1053635,0.14304896,-0.6003207,-1.1173587,-1.0342379,-0.6031454,-1.8247334,-1.6895399,-6.5626683,-10.822742,-12.16024,-11.893198,-15.508952,-15.395797,-15.496682,-15.451639,-17.110432
102,-13.548696,-18.660666,-13.218661,-18.68506,0.90473855,0.7231302,0.35172006,0.08814766,1.1942776,0.41946548,0.108108215,0.41266,-0.5577975,0.23320198,0.7882008,-0.8248937,0.071674906,-0.30803907,-0.66478074,-0.49291676,-0.8992024,-0.5045246,-2.6025467,-1.5371541,-8.25717,-13.592276,-14.047833,-13.894924,-15.507955,-16.07122,-15.848078,-16.225397,-18.6388
103,-11.317817,-17.870972,-12.337303,-17.727188,-2.3799274,3.0572853,3.190666,-2.9195085,4.561815,-2.7430913,-2.94852,3.6647544,-3.1908553,-0.42077702,-4.721601,-3.8867042,-1.4350529,2.652994,-3.5086105,-3.1332564,-1.8110839,-0.6881587,-4.983037,-7.1581826,-9.840745,-9.75053,-9.48803,-11.175568,-13.192464,-13.878051,-15.428574,-14.027037,-17.767424
104,-13.923372,-19.405895,-13.872635,-19.397497,0.7667753,0.8641286,0.27478275,0.72330487,1.5830601,0.33678898,0.13001502,1.0549554,0.10062562,-0.24534264,0.83894193,0.82397926,0.16342077,-0.02582366,-0.6793723,-1.3685782,-0.9479309,-0.48739898,-2.8758738,-4.6639447,-8.035969,-12.731874,-13.642355,-13.023914,-15.541905,-15.796691,-15.5732765,-15.762875,-19.397152
105,-12.384489,-20.25248,-13.752596,-20.255577,-3.0674036,1.5740972,1.9216002,-2.4138107,3.9466429,0.9537569,0.57609975,2.4536855,-3.2624876,-0.7777552,-4.2707815,-0.30789205,1.0977719,3.6067603,-3.4854126,-2.0304165,-1.807006,-0.6489242,-3.500698,3.2854798,-12.666204,-14.838957,-13.695929,-15.550872,-13.956657,-14.980885,-15.6869,-15.269985,-20.206146
106,-13.616533,-18.627512,-13.106101,-18.647852,0.44022343,0.032949165,0.36744314,0.33709174,1.1817081,0.11156619,-0.47378024,0.17520814,0.11352881,-0.029268019,-0.12163133,-0.56343037,-0.27794078,-0.03223384,-0.660322,-0.455661,-0.9636243,-0.28871265,-2.7088363,-0.2167819,-8.375597,-13.367698,-13.863682,-13.893471,-15.376047,-16.149698,-15.88937,-16.117199,-18.624914
107,-12.057093,-17.480288,-11.758426,-17.496384,0.74068135,1.3297234,0.9968751,0.7396291,1.3557907,1.4398822,0.5975793,0.6783258,-1.0174292,-0.061876643,0.90978587,0.446319,0.77224034,-1.2934223,-1.0736384,-2.2052832,-1.0757523,-1.5548503,-1.4472876,-2.1912155,-6.8367486,-12.052344,-12.94833,-12.258213,-15.468863,-15.748892,-15.545179,-15.560706,-17.489706
108,-13.48381,-17.030354,-13.105043,-17.00645,-1.073236,1.7506007,-0.2904998,-0.6553832,0.67162794,2.7469285,-1.6687924,-0.41129926,-2.1222136,6.3496575,2.4418492,-1.5763382,-1.6457537,1.2838662,-3.1405313,-2.016199,-2.4153597,-0.6688418,-4.3750663,-7.5830865,-7.758289,-11.442352,-11.207185,-12.394913,-15.629645,-15.096186,-14.797312,-15.892263,-17.017357
109,-12.241867,-20.382288,-13.280865,-20.357077,1.713268,0.32093993,-3.0516002,3.846927,-0.56371504,-3.7284753,-2.1777666,1.6564727,3.84099,-4.7390003,-0.7152302,-2.004498,-1.9943072,-1.6324883,0.5572404,0.6693427,0.94196796,-1.5176764,-2.6588073,-2.6981695,-7.084184,-15.037825,-15.370702,-14.792969,-15.285555,-15.863133,-15.517203,-15.512015,-20.375795
110,-13.290135,-19.081326,-13.50007,-19.103788,0.2835368,0.11403627,0.48060957,0.3281237,1.1903603,-1.2090081,0.2529832,0.86445093,-0.24628404,-1.2602282,0.6939862,-0.57587266,0.13519673,0.6954162,-1.131108,-0.22622687,-0.33454025,0.8069717,-3.767298,0.20005667,-8.369656,-14.3325615,-14.283375,-14.502796,-15.959296,-16.444704,-16.651085,-16.60306,-19.055662
111,-14.849786,-19.02039,-13.886941,-19.0511,-0.59293604,2.1932263,0.26436123,-0.20770311,1.2071345,3.5279016,-0.9244334,0.16792381,-1.5794442,1.3051933,3.300341,-0.3337388,1.4367005,-0.7760035,-2.4676182,-2.0599234,-1.7031369,-0.5280475,-3.496607,-7.8424497,-7.1764145,-12.648822,-13.317059,-12.076685,-15.634304,-15.632503,-15.5381,-15.701572,-18.975075
112,-13.8426695,-17.5286,-13.302935,-17.535324,-0.34260437,0.086629614,0.57072806,-0.110555075,1.0622009,0.2565552,0.47854662,0.51049024,-0.6413423,-0.010093227,0.43330476,1.4933388,0.12493001,0.14777212,-0.7655026,-0.4532047,-1.0577788,-0.31126213,-2.306189,-1.4069153,-8.674169,-13.066638,-14.012673,-13.37723,-15.159783,-15.640406,-15.6732855,-15.34674,-17.528965
113,-13.72847,-20.076017,-14.296859,-20.11723,1.3160809,0.63562953,-1.1717212,2.2534888,0.56266737,0.77582604,2.5756125,0.99684155,-0.18930337,-2.3934288,-6.592089,2.3112495,1.671113,-1.7283567,-1.6961247,-1.6194474,-0.1333529,0.6906526,-0.9259351,-1.8072294,-7.89744,-14.177521,-14.196153,-12.956229,-15.494022,-15.811592,-15.91038,-15.416875,-20.094517
114,-12.6530075,-16.958378,-12.554339,-16.9718,0.95187944,0.092060745,0.70937145,0.20759803,0.6496861,-0.050211705,-0.053831324,-0.22539628,-0.15081535,-0.11066574,0.083714336,-0.21423346,-0.26020965,-0.28910583,0.26689819,-0.6937549,-1.1765546,-0.4412413,-0.812934,-0.30786175,-7.4404135,-12.739767,-13.165182,-13.281915,-15.543791,-15.688473,-15.926866,-15.95696,-16.96916
115,-12.702118,-17.455296,-12.363366,-17.464554,1.1321598,0.4618903,-0.51601785,0.3982909,0.30602646,0.53597254,0.5908457,0.16692616,0.83174056,-0.11786039,-0.058282763,0.8344723,0.20282663,0.032932997,-0.18516603,-1.1496396,0.18371786,-1.1146026,-1.5557542,-3.1086211,-7.8323374,-13.360296,-14.51147,-13.346914,-15.60054,-16.02147,-15.952673,-16.089344,-17.444468
116,-14.2255,-18.911108,-13.29273,-18.89329,0.36100626,0.43637455,0.7902662,0.046526577,0.7617414,-0.17340583,1.6185151,0.060055733,-0.34819564,-0.4882425,1.1208869,0.7612939,0.40312526,-0.19784419,-0.9034064,-0.74060374,-1.0623416,0.19125901,-2.0269833,-3.5816803,-7.7675257,-13.006845,-12.9616375,-13.144664,-15.545137,-15.664337,-15.822346,-15.554082,-18.9033
117,-10.301803,-17.137608,-11.510121,-17.083002,0.26088828,1.2123623,-0.31431383,-1.4717805,2.1163287,-1.175331,3.6569045,0.15385522,-3.1333587,-0.6791025,-5.3090577,-0.3444891,1.78618,2.0058005,1.699854,1.0171047,-1.4205105,4.020911,0.029323906,-3.3207095,-5.324825,-8.247008,-11.443533,-10.472905,-15.362616,-15.346737,-15.079743,-14.938778,-17.120365
118,-12.198592,-22.1587,-13.707529,-22.104548,-0.36159846,0.36152908,-0.6501118,-0.49759758,1.2828904,-0.57644767,3.1559572,0.77017343,-1.007508,-1.1420702,-5.474686,2.7622495,0.7166701,0.13410614,-1.7553982,-1.5578326,-1.5694053,0.27687547,-2.8481238,-1.889117,-7.461378,-13.369392,-13.08567,-13.18125,-15.847474,-16.118872,-15.886153,-15.785185,-22.091394
119,-12.08436,-18.533848,-11.0131,-18.567871,2.5206854,1.5846359,-0.17274183,0.075202495,1.6966375,-0.42867148,2.4058428,0.6074766,-2.3843653,-3.6600406,-6.1712885,-0.68672514,1.8025936,-1.4294243,-0.28255093,0.098776415,-0.91238445,0.6386936,-0.693145,1.2901403,-8.038734,-13.890845,-12.844149,-13.317954,-15.885746,-15.655214,-15.536107,-16.02228,-18.536482
120,-8.883402,-13.937095,-9.333323,-13.864477,-1.6843132,-2.6964777,0.4561626,-3.297467,0.65384763,-1.8930241,6.826023,-0.701289,-2.514273,-1.6435373,-0.34356847,3.4372156,1.1793513,1.7138102,-2.3177743,-0.65375334,-2.5495594,4.3872404,-0.7229267,-0.3891013,-3.123694,-8.359704,-9.520554,-9.472176,-16.101276,-14.974196,-15.397234,-15.196272,-13.932059
121,-13.378413,-18.51879,-13.304327,-18.536175,0.45913902,1.7619787,0.87744987,0.25633076,1.0458272,0.8238091,0.7398372,0.32334325,-0.38213527,-0.08771831,-0.08276301,0.250959,0.32957247,-0.1565121,-1.2195655,-1.5591761,-0.66764957,-1.1068839,-2.0586238,-2.2385287,-7.671804,-13.3966875,-14.248075,-13.380293,-15.5159235,-15.732286,-15.746319,-15.804079,-18.530733
122,-12.204347,-18.113302,-11.463071,-18.133177,-0.95657855,0.9010469,1.5411305,-1.0628037,1.7984254,1.910658,0.11571075,0.50481665,-2.059574,1.8595182,2.2370918,0.3636993,0.37137076,0.5295482,-2.4490235,-2.1086094,-1.6371863,-0.1656923,-4.397917,-2.8168716,-7.898089,-11.600458,-11.257383,-12.302557,-15.216669,-15.359579,-15.318179,-15.462562,-18.090206
123,-11.807612,-19.141626,-12.516488,-19.149618,1.0360403,1.0566728,1.3209709,0.07211453,1.4827322,-0.84565175,0.55498415,0.74152714,-0.12633117,-1.379842,-0.3167103,0.6331198,0.043403592,-1.109913,-0.7923889,-2.2041137,0.67636424,-1.155119,-3.5990539,-3.4905503,-7.3521347,-13.855469,-13.048539,-13.605569,-15.816144,-15.6043,-16.068808,-16.2698,-19.049105
124,-12.246262,-18.44864,-12.288558,-18.475836,-0.63896435,0.2652886,-1.2828424,0.72289157,1.262357,1.3463727,1.3222429,1.9593545,-0.06647459,-0.4529877,-1.798825,0.97051096,0.48097053,0.0023627696,-1.3531548,-1.4678767,-0.82052547,-0.58273745,-1.6762116,-1.0524712,-8.4794235,-12.505476,-12.45199,-12.200556,-15.382571,-15.470692,-15.540909,-15.453335,-18.40577
125,-11.653941,-20.875038,-11.4187565,-20.84894,0.113121614,6.5455194,3.6762772,1.2967784,4.2342467,-5.7461042,-5.9456844,1.704103,0.53723603,-5.7711577,-4.345985,-6.4973884,-5.1578617,-4.3183045,-1.790262,-4.3608923,2.3110714,-6.1526284,-3.7683039,1.8439369,-8.000872,-15.347847,-14.092477,-14.23012,-14.38927,-16.442589,-15.275767,-15.075946,-20.827806
126,-13.548696,-18.660666,-13.218661,-18.68506,0.90473855,0.7231302,0.35172006,0.08814766,1.1942776,0.41946548,0.108108215,0.41266,-0.5577975,0.23320198,0.7882008,-0.8248937,0.071674906,-0.30803907,-0.66478074,-0.49291676,-0.8992024,-0.5045246,-2.6025467,-1.5371541,-8.25717,-13.592276,-14.047833,-13.894924,-15.507955,-16.07122,-15.848078,-16.225397,-18.6388
127,-13.568645,-18.498652,-13.634705,-18.498043,0.7265327,0.62061715,-0.37087986,0.3714434,1.4261642,0.22476822,-0.3201752,1.5648865,0.09252447,-0.5127372,1.53093,-0.15474896,0.075505376,-0.3733868,-0.22896823,-0.9786442,-0.74982435,-0.5371615,-1.8312577,-4.49623,-8.648011,-13.548416,-14.027313,-13.7518635,-15.6611,-15.96558,-15.745957,-15.874185,-18.511536
128,-12.959171,-19.379522,-13.936437,-19.399267,1.0258641,0.8462926,0.44484958,-0.055840313,0.92758214,0.4661609,0.82925266,0.31997982,-1.1131299,-0.31475136,-0.8627499,0.061768465,0.7147433,-0.30683598,-0.7282078,-0.9777025,-0.84643006,0.018944144,-0.08919776,-1.0962654,-7.911783,-13.071786,-14.266539,-13.358461,-15.828147,-16.084843,-15.900747,-15.995762,-19.413641
129,-14.000805,-17.693365,-13.512381,-17.707222,0.58696955,-0.03294589,-0.57708085,0.2615983,0.21141481,-0.077618554,0.48833767,0.20853682,0.08344097,-0.3319218,0.70632744,-0.07179722,0.2653874,-0.33706513,0.0471698,1.1484954,-0.5653193,-0.5311713,-2.462244,-0.93650204,-9.1333475,-14.880612,-14.679975,-14.495321,-15.638629,-16.129465,-16.08491,-16.261013,-17.682606
0,-12.402432,-16.991999,-12.235405,-16.990955,0.5086455,0.07985507,-0.06017887,-0.15328759,0.866113,0.3422252,-0.044823345,0.5538563,-0.5081201,-0.122258894,0.53811985,0.13725355,0.26614985,-0.14308918,-0.73338395,-0.96354765,-0.82594055,-0.5587151,-1.5480655,0.060221106,-7.78109,-12.323768,-12.576542,-12.940783,-15.304756,-15.500602,-15.632562,-15.689104,-17.022581
1,-8.130857,-15.068354,-12.328647,-15.102365,2.0951889,2.7792487,-1.0555426,7.886631,-1.2537085,-4.211886,-5.2409825,0.92719257,5.3376074,-2.9473233,-1.9328178,-5.124754,-6.151708,-3.051124,-2.40917,-6.217015,0.5241689,-6.5845385,-5.894897,0.51174176,-4.8026695,-13.909971,-13.378756,-13.872408,-14.415174,-15.562885,-14.144512,-15.747865,-15.001261
2,-11.880682,-21.667786,-13.097339,-21.60347,3.0377712,1.1658758,-2.6930695,5.782726,-0.52970153,-3.1194463,-4.0390773,2.3796928,4.9183817,-4.4604216,-1.4611999,-3.8401642,-1.4266356,-1.0119581,-3.766215,-5.304737,2.8326309,-3.4563165,-6.8274555,0.20935795,-8.1539135,-15.066865,-12.669649,-13.9750595,-14.675616,-15.621177,-15.953475,-15.335787,-21.69847
3,-13.6432295,-19.751877,-14.03435,-19.761425,-0.6512986,1.3179216,1.6464976,0.37433234,1.9976957,-1.0656911,-0.92086774,1.5136771,-0.7069316,-1.116129,0.022886325,-2.08322,-0.3864261,0.35971743,-1.914513,-0.2504224,-1.4013466,-0.31638196,-3.8510377,-0.5555158,-8.941821,-14.686498,-13.970914,-14.803169,-15.679458,-16.170376,-16.258965,-16.423147,-19.749384
4,-10.011766,-10.079079,-10.332932,-10.0998745,-2.5236952,-1.5064569,-1.5362206,-0.51911336,-0.90683043,3.1904244,-3.2365391,-2.1353338,-2.324437,9.354537,-5.456858,-1.2953448,0.003616535,2.9535708,-4.4599366,-2.0842934,-3.2408266,-1.051925,-6.0447907,-4.797653,-6.558071,-8.926052,-9.856588,-9.939955,-15.003388,-13.460904,-14.381116,-14.185398,-10.120989
5,-12.524145,-21.20419,-13.054092,-21.24754,2.384646,1.3739375,0.4991728,1.8596225,-0.38499868,-4.7934403,-1.8806574,-0.36896232,0.6513319,-4.8253016,-3.6338236,-2.6435947,-2.8715496,-2.006289,1.2605306,1.6642591,-0.12545913,-1.2251636,0.20762664,0.8210325,-7.5904756,-15.749547,-14.0731125,-16.065422,-16.203876,-15.9053955,-16.339413,-16.049974,-21.18433
6,-11.548338,-17.017717,-12.068731,-16.96807,-1.6056955,-1.5437235,-0.6537063,-2.0039194,0.1398122,-1.1057613,7.019563,0.14829835,-1.6380988,-3.1164453,-5.686547,5.861766,1.3536211,0.27201512,-3.539349,-2.8378124,-1.4986182,0.41016987,-1.5417231,-2.3320408,-5.999704,-12.117278,-11.999511,-11.374283,-15.764693,-15.471175,-15.376679,-14.961618,-16.910192
7,-11.482286,-16.642494,-10.676348,-16.650734,0.65805846,0.95877856,1.7233496,-0.046339575,1.3877535,0.52894443,1.6069249,0.2415604,-1.7952125,-0.32687813,1.3350688,-0.35225958,0.6741801,-1.5611737,-1.270703,-1.7593434,-1.368443,-0.6914402,0.11696416,-0.3181812,-5.771539,-11.712645,-12.088129,-12.396024,-15.705717,-15.556822,-15.764988,-15.553682,-16.682446
8,-12.904443,-17.808414,-13.198055,-17.816578,0.4412183,0.69142234,0.8866258,-0.05533673,0.95119435,0.63307065,0.90110064,0.08530666,-0.8628983,0.26794147,0.65180457,0.16114935,0.14960855,-0.1874654,-0.9201236,-1.0918261,-1.6858345,0.42126253,-0.9914321,-1.4376571,-8.096068,-12.963938,-13.265925,-13.42145,-15.514621,-15.810791,-15.572946,-15.943625,-17.81592
9,-12.985725,-19.857512,-12.038721,-19.876879,0.54786706,1.6163378,0.0592111,-0.25069812,1.1271267,1.8446509,1.1651804,0.4102068,-1.9543794,1.2862095,2.4356186,-0.3975426,1.0683658,-0.6416647,-2.792642,-2.557186,-2.153717,0.46872324,-2.971346,-1.4604157,-6.2257814,-11.620526,-12.669197,-11.810525,-15.494565,-15.269436,-15.118718,-15.498817,-19.848864
10,-12.747351,-17.725416,-12.496138,-17.659483,-0.45341432,1.116072,0.47066438,-0.77013475,1.4118474,3.2973857,0.6949858,1.0089498,-2.6893685,3.0238273,2.9233894,0.8991846,1.6484153,0.4379356,-3.2800617,-2.3337407,-1.950394,0.693058,-4.184063,-5.835026,-6.595077,-10.443654,-11.870569,-11.040789,-15.165275,-15.162936,-15.066447,-15.307408,-17.72822
11,-13.664672,-20.964905,-15.303018,-20.876455,1.2609289,-0.4892832,-1.964033,1.5033604,0.961013,-0.065230034,1.7189547,4.1174555,1.0156974,-1.6675129,-6.184993,2.4369876,0.5321705,-0.41136295,-2.6310666,-2.3683553,-0.03760691,-0.6663961,-2.7013302,-5.5523286,-7.830116,-12.471595,-14.028061,-12.195304,-15.458799,-15.280089,-15.171754,-15.433543,-20.954914
12,-8.122238,-12.25702,-11.926319,-12.121999,1.9598485,4.536723,3.6818924,5.2949395,2.177932,-7.959402,-6.954857,1.6417,2.792491,-5.124972,-2.8522716,-7.142727,-8.146421,-4.022765,2.2363436,-8.499767,-0.55045056,-7.95489,-8.343403,1.4458629,-8.560193,-12.013034,-13.280229,-12.507746,-14.433079,-14.513042,-13.53067,-14.380556,-12.131125
13,-10.828535,-17.177275,-11.037691,-17.184044,-1.1629413,-0.31044134,-1.6321481,-0.6015245,1.4123673,3.5367317,0.30020112,1.3770269,-1.7671888,4.18779,-7.172271,0.017068896,1.5727463,4.05852,-1.9428777,-0.17986916,-1.4622306,1.6478802,-2.699762,-4.809169,-5.3597484,-7.5309362,-11.0417,-9.679986,-15.301878,-15.553285,-15.496576,-14.713085,-17.149101
14,-10.5798435,-17.285227,-10.934411,-17.228699,-0.45448008,-1.5625504,-0.23474684,-1.6952896,0.35481322,-1.4031048,5.703317,-0.54975706,-1.8885669,-2.1545553,-0.8635179,3.7421238,1.3982424,-0.7139773,-2.182546,-1.4976021,-2.0402741,1.209593,-0.36183155,-1.6313335,-4.3577857,-11.632681,-11.327774,-11.533442,-16.216173,-15.471348,-16.193192,-15.296904,-17.252426
15,-12.525218,-15.695608,-12.638306,-15.681737,-1.1672941,0.13042687,5.001881,-3.668699,1.0290861,2.7454193,0.23281345,-0.41230983,-5.2966757,2.7829127,-2.2413623,-0.068730265,1.053195,1.456389,-2.1991434,-0.93463856,-2.0240958,0.93893826,-2.7886126,-4.0711527,-6.918389,-9.90906,-11.005986,-11.685667,-16.059181,-15.376983,-15.829369,-15.781712,-15.612125
16,-13.617892,-20.884117,-11.79925,-20.847576,1.8141987,-0.35845795,-1.1558623,0.26219374,1.3365337,-1.3692244,-0.33324397,-0.21823718,-0.71442294,-1.7812312,1.1306721,-2.3292847,1.1213179,-0.5852876,0.7988851,0.4439203,-0.8367476,0.83864343,-1.3457959,-5.6774535,-6.392116,-11.720701,-12.124671,-12.143572,-15.406271,-16.082634,-16.307035,-16.372396,-20.823418
17,-13.182749,-17.34574,-12.870031,-17.374994,0.82016915,0.75657153,-0.6038062,1.3045367,1.6911613,0.09749225,-1.4230891,1.2517464,0.6160992,-0.39500907,1.3402494,-0.5790069,0.47549093,-0.11736369,0.74036616,-1.261324,-0.8077542,-1.0890657,-2.5415204,-2.742449,-7.6410236,-13.485319,-14.026609,-13.225666,-15.620415,-16.013979,-15.6164665,-15.885395,-17.350285
18,-11.391417,-16.358189,-11.620461,-16.309109,1.3591702,1.0287366,-3.6123776,-0.78307116,1.3229343,-2.9997687,1.3653457,0.4445164,-1.1649344,-4.853692,6.596912,-0.9443937,1.8915911,-2.4031076,-2.9926789,-3.4852839,-1.6410085,0.35798198,-4.4667816,-5.385273,-7.0455837,-13.395286,-12.873722,-11.682314,-15.315738,-14.963714,-15.8159485,-16.131678,-16.266102
19,-14.448119,-19.45475,-14.12972,-19.455305,1.7956471,-0.7447296,-3.7538073,1.167181,0.97523767,0.15019025,0.4977864,1.2158505,1.4445298,-1.1011392,-1.8163493,0.18237236,-0.5308738,-0.1360146,-0.07231172,-0.27596217,0.871058,-0.70986754,-1.6175098,-6.481825,-7.8989353,-12.506296,-14.549812,-12.861361,-15.82993,-16.29818,-16.008791,-16.06826,-19.449335
20,-13.504406,-20.06081,-14.05127,-20.085125,0.057194475,0.30618787,-1.1015929,0.8855655,2.0516036,1.0214922,1.0789685,1.8660921,-0.42709684,-0.7317021,-2.758232,0.49116188,1.6094518,-0.8480743,-1.6359081,-1.6221473,-0.17192274,-0.13157114,-1.157393,-5.6672244,-7.656607,-12.969671,-13.883428,-12.847408,-15.923981,-15.679349,-15.471895,-15.798405,-20.008392
21,-13.445599,-18.937397,-13.620595,-18.937365,0.4305767,0.7639784,-0.03043345,0.42761263,1.4018241,1.3439622,-0.08283655,1.4528602,-0.26621014,-0.09740343,1.0535297,0.5256983,0.54152375,-0.087108426,-0.7905683,-1.7331064,-0.9526891,-0.55834967,-2.2857485,-4.634269,-8.447962,-13.04712,-13.775288,-13.0862,-15.548639,-15.727106,-15.535216,-15.668795,-18.939337
22,-9.624005,-19.303333,-13.319072,-19.212439,-0.9599086,6.110649,-0.53802496,0.5948806,5.151213,-4.4854527,-3.233137,4.4817014,-1.905451,-4.560038,-2.6859632,-3.762871,-3.6970663,-1.8316759,-1.6843895,-2.4998026,0.120498836,-4.4265685,-4.1516657,3.022948,-7.0042396,-14.514453,-11.458487,-13.069666,-14.386789,-15.5168085,-16.216522,-15.575592,-19.221478
23,-13.839722,-20.645271,-13.21953,-20.635283,4.267128,3.0577672,1.4299109,4.2313423,1.3621225,-6.373323,-6.2032013,2.3853939,3.4438722,-6.730633,-3.366537,-6.276256,-5.009296,-4.182569,2.0304792,-1.6450437,1.8090042,-5.299572,-1.2671566,1.2997504,-7.4779954,-15.616317,-14.725056,-15.526983,-15.127661,-15.610171,-16.11706,-14.855853,-20.636007
24,-11.066416,-21.095312,-11.867667,-21.066816,-1.0268897,2.1664324,-0.027609315,1.4473559,3.68599,-3.5973725,-1.9557105,3.6938343,-0.23118475,-4.488298,-1.0176147,-2.5206528,-2.0645475,-0.5674206,-1.7941515,-2.4865181,-0.6904579,-3.1498694,-3.581649,-0.35870162,-6.7911587,-13.408023,-11.629536,-12.65852,-15.102016,-15.640372,-16.059053,-15.37836,-21.010107
25,-13.223898,-18.782597,-13.322267,-18.801086,0.6428658,0.45763722,0.03576155,0.3979829,1.0387561,0.24983545,0.19030708,0.20133933,0.097024396,-0.18092799,0.3238595,0.5921779,-0.15412284,-0.16010523,-0.13270609,-1.1151807,-0.20606847,-0.98513615,-1.0191427,-2.4690795,-8.211977,-14.170183,-14.75369,-14.079962,-15.894123,-16.257137,-16.133547,-16.260508,-18.736032
26,-12.788533,-18.786644,-12.262585,-18.801311,-0.2732926,0.51084363,1.2473345,0.024854941,1.5163721,0.3461003,0.2987744,0.73403424,-0.75130856,0.4194084,0.31971577,0.3663732,0.06637737,0.6216963,-1.6519537,-1.5251942,-1.0298359,-0.005334493,-3.779032,-0.63061166,-7.5108495,-12.165226,-12.767557,-13.098364,-15.402088,-15.668109,-15.703135,-15.736817,-18.779587
27,-11.757863,-18.981058,-11.718891,-18.909065,1.3062627,-0.09466811,-2.5317688,1.8201313,0.9291017,-0.048135865,0.45392013,3.1285355,0.62926227,-1.8425972,-3.2651076,-1.3985695,1.5628331,-0.80100214,-2.0885086,-2.6422122,0.2510089,-0.54420984,-3.758448,-7.7245455,-6.170975,-11.823418,-12.056064,-11.400003,-15.64918,-15.967275,-15.562386,-15.703668,-18.992146
28,-14.593178,-19.242508,-14.07438,-19.230684,0.1217905,3.1945965,-0.72303516,0.3616299,1.303729,1.0572824,1.3244913,0.42002112,-0.681362,-2.0338378,3.6729977,2.2270398,0.38522,-1.8348467,-1.8220563,-2.0641806,-0.7046547,-1.4578409,-2.8690896,-1.6617905,-8.537489,-15.147285,-14.124276,-13.729755,-15.643173,-15.904508,-15.412954,-16.21667,-19.162102
29,-12.545304,-17.639223,-12.212169,-17.648857,0.6886295,0.28087562,0.52777356,0.117901124,1.4229803,0.41291916,0.37983966,0.40354213,-0.51117736,0.21054946,0.5024916,0.26236114,0.31360477,0.24156722,-0.525196,-0.97927624,-1.1363674,-0.27618423,-1.2744713,-3.5562892,-7.3065715,-11.864206,-13.195433,-12.56907,-15.478254,-15.697717,-15.525004,-15.79433,-17.642483
30,-13.059924,-18.478437,-14.320042,-18.47451,0.7015691,0.773032,-1.2158648,0.86789876,1.0587301,0.3905911,0.48426828,2.566984,-0.020775924,-1.951456,0.529135,-0.356915,1.3521757,-0.9229698,-0.485289,-0.67965955,0.33237663,-0.16071388,-1.3833547,-4.859053,-9.311628,-13.756189,-13.421664,-13.155845,-15.604098,-15.369455,-15.593192,-15.231981,-18.45458
31,-11.665645,-17.02711,-11.11157,-17.032413,0.4936554,2.8992953,1.8928463,0.4931933,1.4631646,2.3724983,-0.6921094,0.783488,-2.1337218,0.8736492,3.157059,0.19285306,0.46577913,0.6860726,-2.575154,-4.0934377,-1.73802,-1.617039,-3.5162375,-2.666997,-5.255901,-11.007874,-11.861443,-10.980453,-15.267928,-15.33261,-14.800429,-15.310287,-17.012278
32,-6.591311,-12.729933,-7.50252,-12.7163925,-2.5608945,2.177264,-0.48302728,2.641527,2.4699452,-2.5407522,-2.6340873,8.339651,0.75214666,-5.0749445,-6.7924914,-1.328572,-2.464844,-1.0687348,-3.8938584,-4.345079,2.3870397,-3.6435268,-7.1267433,-1.9375008,-4.229727,-8.0176525,-8.332291,-8.824294,-14.943884,-13.938859,-13.514009,-13.999717,-12.656548
33,-11.463751,-19.794004,-12.595676,-19.817375,4.0928664,-1.3373717,-1.7512952,0.41901362,-0.07435969,-1.2498528,1.8622504,-0.5868526,-0.16993304,-2.2601964,-2.3102467,-1.8593118,3.4108415,-0.058698718,0.46361017,0.4961173,-0.252411,3.5598106,-1.269253,-2.5438507,-7.0809155,-13.746832,-14.239875,-12.930953,-15.586841,-16.006195,-16.398258,-15.784227,-19.764017
34,-10.013397,-15.865259,-11.96235,-15.857519,4.9287157,5.3452816,-2.0239575,7.2015395,-1.3429646,-4.467973,-3.932551,1.9959778,4.381339,-4.5839887,-4.8024774,-5.5743227,-4.6938233,-6.3942275,-0.8610597,-6.0473194,1.917457,-5.8269744,-4.972575,-3.2573311,-2.8352509,-11.431178,-12.623701,-11.296326,-14.37469,-14.585774,-14.197076,-14.749838,-15.902529
35,-10.913769,-16.483147,-11.280077,-16.394619,-1.907373,-0.5800141,-1.948746,-2.781984,0.26052615,0.15598874,-2.3089962,-1.5162361,-2.753297,2.2318418,-2.4080734,-3.4742308,3.1849663,3.2918568,-1.9388996,0.5364311,-2.713466,9.805782,-3.4006898,0.2036111,-7.025657,-13.034641,-12.178241,-13.031708,-15.554824,-15.367377,-15.137794,-14.739209,-16.41264
36,-13.875977,-19.05453,-11.925548,-19.013727,-0.020717174,1.1111789,2.4289756,-0.43998778,1.6752452,1.6134186,0.52318573,0.8500751,-2.510661,1.40888,-0.18482856,-1.3036171,1.6449805,0.3331203,-1.8238517,-1.7524368,-1.4206007,0.3029072,-2.2067597,-5.8690624,-6.5317445,-10.565676,-11.321915,-11.636503,-15.710148,-15.706185,-15.324176,-15.496081,-19.013237
37,-13.396202,-18.645193,-12.715438,-18.636328,-0.14560047,1.5290699,2.4289849,-1.0064981,2.869146,-0.06899211,1.0205523,1.1957655,-2.3344069,0.27390334,2.099663,-1.4967749,0.7868203,-0.40849936,-0.8824075,-1.2522857,-2.242878,0.96115965,-2.5580444,-4.6201844,-6.3746285,-11.444005,-12.613892,-12.323214,-15.919527,-15.5411415,-15.580772,-15.914872,-18.608242
38,-12.461828,-21.89926,-12.55857,-21.910967,-1.3100355,2.3370895,-1.4666225,-0.667832,1.1392399,1.9670488,-1.169283,0.670602,-2.3481116,-0.18455158,-3.171913,-2.5243754,0.9576803,-1.3092939,-1.6681099,0.094908945,-1.1619493,1.229391,-3.796116,-0.12135199,-7.1499524,-13.043911,-12.302793,-12.498264,-15.878897,-16.271431,-16.002678,-16.15342,-21.83761
39,-12.719189,-19.461279,-13.638421,-19.505629,-0.37658978,2.5281408,1.4607176,-0.38210496,0.68812346,1.210001,0.53080165,0.4162868,-2.05118,0.22837505,0.7288818,0.04559232,1.261102,-0.8413885,-2.3819332,-2.929735,-2.2290583,-0.8324118,-3.1173,-2.0278676,-8.627605,-13.336663,-13.35533,-12.879642,-15.347725,-15.849962,-15.463175,-15.538332,-19.515034
40,-13.322049,-18.620325,-13.626482,-18.595951,0.5461156,0.8401066,0.3826894,0.44249666,1.5039682,1.1840265,-0.62310696,1.4973623,-0.40868986,0.44068912,0.96026796,-0.2626912,0.07424594,-0.23196957,-0.83999074,-1.7437336,-0.7430844,-0.9382394,-1.9288324,-4.7729883,-8.267517,-12.799475,-13.54368,-13.1709385,-15.515383,-15.750075,-15.506393,-15.741774,-18.65022
41,-12.850565,-18.774149,-12.194895,-18.776731,-1.1686547,0.16809592,5.7231083,-3.1543026,1.0243274,0.4582529,0.815175,-0.5490184,-4.992468,0.98457974,-3.50913,0.13326757,-0.034292035,1.1514001,-1.7075845,-1.4639107,-1.9137814,0.56076103,-2.4602897,-3.7143533,-7.652361,-10.760828,-10.334837,-12.0103035,-15.899387,-15.6910305,-15.348681,-15.685257,-18.687048
42,-13.731972,-21.70142,-13.607263,-21.561079,0.9057495,0.76842135,-1.436319,0.49489775,3.2748563,-2.3482573,-2.2956812,3.3086646,1.8763828,-2.199531,-2.860786,-1.2909951,0.057196867,0.95242184,-0.41089323,-1.1745703,-0.27157122,-0.9031158,-3.8926053,-4.930922,-8.143326,-11.533886,-13.595582,-11.893236,-14.670503,-15.393928,-14.698496,-15.464191,-21.604496
43,-12.586682,-20.599123,-12.122222,-20.591167,-0.032719977,1.458945,-1.1843716,0.9537271,2.2948372,2.9102898,0.9640495,1.7222636,-0.8348336,-0.7331472,1.1116813,2.1744986,3.2143307,-1.4689225,-2.8319907,-3.1224613,-0.37031752,-0.07290651,-3.8065717,-4.8969355,-6.9264436,-9.9224415,-10.994986,-9.23218,-14.964909,-14.724922,-14.576577,-15.0518875,-20.529808
44,-13.445836,-17.098766,-12.521664,-17.103231,0.35133266,0.25236315,0.77321315,0.21761988,0.5272768,1.0880035,0.14549187,0.05708939,-0.25150976,1.0379436,0.33567935,-0.2370047,0.023986127,-0.018822648,-0.50755906,-0.29177424,-1.5050929,-0.24963266,-1.4336433,-3.8949509,-7.359524,-11.8311,-13.108969,-12.603349,-15.472146,-15.599176,-15.6109705,-15.849611,-17.121975
45,-9.647984,-11.083383,-9.267178,-11.046642,-3.5666187,1.1755667,10.337817,-1.5139562,1.5346094,-0.19227684,-0.70160353,-2.0122223,-4.627159,0.41544425,-5.246046,-2.2535875,-2.556832,-0.9159866,-4.1091185,-4.9482265,-3.7037616,-3.3365283,-2.6178334,-0.17914598,-4.9148526,-10.045216,-8.606622,-10.808823,-14.938452,-14.316917,-14.978329,-14.580988,-11.135005
46,-10.013397,-15.865259,-11.96235,-15.857519,4.9287157,5.3452816,-2.0239575,7.2015395,-1.3429646,-4.467973,-3.932551,1.9959778,4.381339,-4.5839887,-4.8024774,-5.5743227,-4.6938233,-6.3942275,-0.8610597,-6.0473194,1.917457,-5.8269744,-4.972575,-3.2573311,-2.8352509,-11.431178,-12.623701,-11.296326,-14.37469,-14.585774,-14.197076,-14.749838,-15.902529
47,-8.298375,-10.748091,-10.114384,-10.681193,-1.3073542,-1.3859156,-1.1767917,-1.2260951,-0.020419408,-3.1373732,0.016233832,-1.5636679,-1.4287965,-2.7675002,-2.3079338,-2.4557414,-2.8162901,-1.582747,-1.0273628,-0.07477264,-2.6351218,-1.8152777,-1.8349605,11.401377,-2.7638044,-9.921935,-4.854868,-12.015115,-13.569525,-14.009214,-15.812788,-14.666309,-10.759744
48,-13.475982,-19.090506,-13.310511,-19.089882,0.51516294,0.9217218,-0.1575607,0.6875885,1.3847519,-0.0062949117,0.17976765,1.1867328,0.10022399,-0.5335352,1.069311,0.3421808,0.22169486,-0.14182697,-0.7226726,-1.2817053,-0.97332186,-0.11981491,-2.8202581,-3.8643086,-7.6230845,-12.636602,-13.866666,-12.982093,-15.697714,-15.818786,-15.68814,-15.886263,-19.08868
49,-5.984765,-11.794412,-10.479576,-11.7997875,-0.55590594,4.7339063,0.408791,2.4178374,3.154618,-3.3836882,-5.7420473,1.0868917,-0.8307576,-3.9158294,1.5191752,-5.067245,-3.7483454,-2.74984,-3.6031086,-4.7728343,-2.4273534,-4.0342607,-6.6074986,1.6053816,-8.874832,-13.926948,-10.620419,-13.294972,-13.501791,-14.491471,-15.256324,-14.433508,-11.796115
50,-12.386284,-18.604675,-11.96254,-18.620375,-0.05121375,2.142597,3.7545624,2.9287465,0.5683015,0.40605584,-0.5829203,0.15670373,0.045002583,0.031978294,-0.32913747,-2.3257368,-0.9076171,-1.237522,-2.134847,-3.2947195,-0.74885863,-2.180884,-3.8142967,-5.987742,-6.044974,-11.496784,-11.516905,-11.705841,-15.255328,-14.6949215,-14.875501,-14.769635,-18.583578
51,-12.694774,-18.900055,-11.8097515,-18.897127,-0.2560415,0.17001167,-0.5245322,0.07618002,1.4814112,0.09758136,1.386385,1.3548192,-0.3801836,-0.28590804,0.17185521,1.8805854,0.9866378,-0.2497022,-1.5492786,-1.184421,-1.1501725,0.7413504,-3.1237094,-6.355544,-5.8624196,-9.680577,-12.485671,-11.075499,-15.674908,-15.296644,-15.375452,-15.369177,-18.870396
52,-16.66842,-19.254742,-15.707036,-19.235714,-0.44762686,1.3780943,1.2031096,1.1881262,0.9535043,2.158805,-0.22744596,1.0705264,-0.95048505,1.314382,1.9718659,-0.080898196,0.4852848,-0.15550734,-2.0943851,-1.5526979,-1.4573466,-0.7869471,-3.4578261,-5.378451,-9.413323,-14.458626,-14.612145,-14.205301,-15.57966,-15.861748,-15.835884,-15.318861,-19.228596
53,-12.795859,-18.461384,-12.907698,-18.45142,0.75880766,0.16482866,0.008098982,0.17922896,1.0069231,0.4470449,0.7048223,0.8948173,0.030965239,-0.21851769,0.84207577,0.77192265,0.4772888,0.2945908,-0.6726197,-1.1756572,-0.59297407,-0.26364315,-1.8612827,-4.887838,-7.5920634,-12.325188,-13.820199,-12.63822,-15.589003,-15.853923,-15.747581,-15.866224,-18.481232
54,-14.071125,-21.514555,-14.0608015,-21.453222,4.8747334,-0.3093157,-3.2368433,2.416977,-1.4222425,-5.1080384,-3.8231952,-0.95798934,3.268671,-5.601945,-1.8621655,-4.1274257,-2.814996,-3.5263617,4.5272727,0.6570917,1.1951854,-1.4520054,-2.802752,-3.3833795,-5.735225,-14.348078,-14.128474,-14.539183,-15.814654,-15.886747,-16.069286,-16.048094,-21.478235
55,-12.894003,-19.095818,-11.958709,-19.075003,2.452314,2.8466942,2.3741088,3.609166,2.464283,-4.456867,-5.540301,1.8065135,2.678314,-5.2297244,-1.1551837,-5.211968,-4.9648,-3.4190068,0.84412557,-2.2602448,0.27352673,-5.445865,-3.0973194,2.6668725,-6.790777,-13.129628,-13.310729,-13.33844,-15.111084,-15.537366,-15.5241165,-15.322352,-19.092316
56,-14.554431,-21.271347,-15.008884,-21.301064,1.8304403,1.9810504,-0.42585003,2.6293685,0.5073377,-1.3304989,-1.1053565,0.756728,2.0709538,-2.7502353,-1.2227613,-2.3328028,-0.8994961,-0.062285114,-1.1486268,-2.7001297,-0.08369981,-1.8699048,-4.0751824,-2.625359,-9.556202,-15.709995,-14.426891,-14.803345,-15.162371,-16.106379,-15.575962,-16.416046,-21.233011
57,-12.653335,-17.833134,-11.896188,-17.856249,0.7503932,2.2830596,0.9681029,0.77783245,1.7272121,0.7138775,1.5032376,0.984364,-1.012218,-0.9622795,2.2375636,1.1729102,0.28589377,-2.219375,-1.8301,-3.5389476,-1.566237,-1.4483556,-3.0667088,-1.237394,-6.3472385,-12.40032,-12.343929,-12.449776,-15.603992,-15.786022,-15.3478985,-15.845266,-17.814615
58,-12.673321,-19.519022,-12.039945,-19.519157,-1.6924934,-0.68910205,-0.31410727,-1.6706724,0.39247304,2.05643,1.9383634,0.3721381,-2.993124,1.0115368,-0.16418478,3.7804291,2.3135111,0.99226785,-3.5750268,-1.9108865,-1.8692205,0.751608,-4.287215,-4.631112,-7.288606,-12.40251,-13.762423,-11.789469,-15.719352,-15.831147,-15.682272,-14.935327,-19.452187
59,-11.754064,-18.391663,-11.997378,-18.396942,1.1087036,0.7302459,0.41983294,1.4557029,1.0298452,0.24284157,-0.865126,0.7324192,0.43474466,-0.38051185,0.073836215,1.0174844,-0.03836418,-0.24839802,-0.82565695,-2.8487244,0.19206095,-1.560198,-3.1785328,-2.3649077,-6.831106,-11.965458,-13.001493,-12.213053,-15.526188,-15.871516,-15.435636,-15.597471,-18.393158
60,-9.4346485,-17.033014,-11.209613,-16.98908,-1.1259422,-1.9536602,-1.6679122,-1.4859824,-0.29845917,-0.9741183,5.8392696,0.017494354,-1.041614,-2.761681,-1.6423755,5.766453,0.95452523,0.15510148,-3.4401631,-1.975501,-1.0781138,1.2458223,-0.63824964,-1.990468,-4.267254,-12.307174,-12.885786,-11.20058,-16.35966,-15.938208,-16.022715,-15.3924675,-16.995375
61,-8.751436,-14.680528,-12.81529,-14.742577,1.2992225,2.0035381,-3.127255,6.2817345,-2.518031,-5.8789635,-4.9015903,0.09591303,3.1695602,-6.381934,-2.778968,-4.955353,-3.3523738,-2.578733,-1.0021043,-4.4141693,6.8896885,-3.8511891,-6.2040515,-3.6035178,-7.5330534,-12.509049,-10.045318,-10.425322,-14.830511,-15.514378,-14.630028,-15.574282,-14.642574
62,-9.124325,-13.882814,-12.197201,-13.749186,-3.923113,4.8321195,1.5685238,0.72190857,1.8184533,1.8043354,-0.39579794,0.45152855,-0.65753937,-1.2937802,-4.784756,-1.3235594,-0.24229139,-1.9568553,-6.0954313,-6.0188704,-1.4420228,-3.7170806,-8.164754,-5.8414564,-10.9345665,-10.575532,-10.156535,-8.95673,-14.772648,-14.734136,-14.833793,-15.234957,-13.857507
63,-11.720951,-20.144735,-11.179334,-20.040724,-0.29308265,-0.5367755,0.111643374,-2.3693247,5.4073806,-1.677648,-0.5695916,1.1042244,-2.717842,-1.3404762,-0.30100802,-1.2930199,-0.13986439,1.06673,-1.0804404,-1.540676,-2.385979,-0.4658045,1.7997879,-1.2888918,-7.293278,-10.326653,-9.103156,-11.437605,-14.972998,-15.27392,-15.745313,-15.933765,-19.999538
64,-13.189581,-21.066107,-13.658932,-21.028559,-0.58645403,0.5281583,-1.5879198,-0.4632036,3.2983212,-0.8107452,2.1335466,3.5020428,-0.5769839,-0.80368847,-8.796045,1.2183443,0.6227208,1.7571528,-1.3778172,-0.6018348,-1.1388229,0.9515475,-1.2517818,-3.5115678,-6.5576453,-10.398442,-13.753764,-11.76198,-16.087439,-16.48553,-15.568591,-15.703944,-20.99754
65,-14.048115,-20.244423,-14.80058,-20.176006,0.7467223,0.017824832,-1.5530958,0.66267884,2.1352975,-0.056471836,1.7260157,3.2834244,-0.16163974,-2.1590962,-1.3880394,0.89083064,0.8339495,-1.3061182,-1.0608463,-1.1100827,-0.28127396,0.4262958,-1.8315101,-4.368678,-8.018101,-12.410554,-13.735014,-12.621398,-16.146196,-16.137903,-15.5780115,-15.579506,-20.214994
66,-11.548338,-17.017717,-12.068731,-16.96807,-1.6056955,-1.5437235,-0.6537063,-2.0039194,0.1398122,-1.1057613,7.019563,0.14829835,-1.6380988,-3.1164453,-5.686547,5.861766,1.3536211,0.27201512,-3.539349,-2.8378124,-1.4986182,0.41016987,-1.5417231,-2.3320408,-5.999704,-12.117278,-11.999511,-11.374283,-15.764693,-15.471175,-15.376679,-14.961618,-16.910192
67,-11.703792,-14.118189,-13.157094,-14.111273,2.226293,0.4865085,-2.485595,0.9229919,0.43947893,-3.7991505,-2.719533,0.5131769,1.1663991,-3.1785836,8.547219,-3.7272937,-0.95190984,-1.7282712,-2.2693655,-3.345215,-0.32307854,-1.6890957,-5.130265,-0.40727666,-5.6937304,-14.508057,-14.163271,-14.167939,-15.07213,-14.982794,-15.472276,-15.87359,-14.052147
68,-15.15779,-19.387274,-13.728351,-19.388678,1.1145386,0.38246426,1.0604099,0.8353568,0.731672,0.87992215,0.23430179,0.11327088,-0.27648786,-0.65636045,-0.5652689,-0.73242015,0.3720777,-2.0756423,0.7762194,0.1657818,-1.0307885,-0.21929166,-0.32285327,-4.127456,-8.056913,-13.446843,-13.356788,-13.310337,-15.615802,-15.948662,-15.814424,-16.000069,-19.370018
69,-13.039172,-19.15133,-12.873062,-19.13086,-0.21445823,-0.020909637,0.9146648,-0.40850532,1.7877462,-1.0958709,3.5247598,2.31509,-0.79707664,-1.6236608,0.784233,2.2122946,0.2727214,-0.06787407,-1.7953069,-2.0639353,-1.468118,0.22046766,-1.6570905,-4.9885845,-7.027989,-12.064283,-13.01803,-12.602133,-16.111362,-15.847996,-16.191044,-15.789074,-19.122278
70,-9.390116,-18.168652,-9.585281,-18.119974,-0.47791088,0.37575752,0.87502635,-0.69127417,0.41079167,-0.02259919,5.1265025,0.8938281,-2.8901784,-3.7895992,-1.0341929,3.651904,2.5066926,-1.4464265,-3.6583135,-4.646218,-0.7454039,-0.36486524,-2.9410462,-0.27828163,-4.245241,-11.638012,-9.342106,-10.239195,-16.034307,-15.147337,-16.21802,-15.104148,-18.11985
71,-13.938218,-19.857742,-13.215596,-19.849604,0.69889903,-0.15124354,-0.48496646,1.2882098,2.0841055,-0.32110757,0.1861859,1.6906055,1.0381292,-1.7237195,-2.41119,0.15843989,-0.5599498,-0.54909205,0.041021205,-0.33465108,-0.24250838,-0.6953672,-1.1872683,-2.5682898,-7.854028,-13.469481,-14.015908,-13.752432,-15.966713,-16.175934,-15.837224,-16.07761,-19.854782
72,-12.725852,-19.786346,-11.548047,-19.69619,1.0391641,2.5009906,-0.12323603,1.4308087,2.2980728,0.08780323,0.39131498,1.5876766,-0.017369548,-1.0267835,2.085524,-0.1955709,0.50776887,-1.0339702,-2.2591257,-2.9845624,0.3000962,-1.5190852,-2.8527732,-6.1683164,-5.948059,-11.182115,-12.1380825,-11.417527,-15.694467,-15.332716,-15.621735,-15.334616,-19.807692
73,-14.188195,-22.191494,-13.26113,-22.178823,0.26564765,4.0662837,1.6854118,2.1865923,3.3855374,-1.5481002,-2.7605183,0.54452455,0.054308258,-2.570194,-1.7058719,-2.2409668,-2.3295171,-1.9680754,-1.5507627,-2.9838629,-1.1212262,-2.415289,-5.2142005,-0.784718,-6.258421,-14.1152525,-13.256784,-12.999505,-15.351439,-15.713795,-15.464676,-15.4707775,-22.249285
74,-6.0472784,-18.464853,-8.5589485,-18.461235,3.3027546,2.9014657,-0.4880305,7.4434834,-0.88537824,-4.4890823,-4.689587,2.2013423,5.0574484,-6.7820435,-6.9696755,-5.2286725,-5.502683,-5.716906,-0.74401987,-3.1896877,3.2329228,-6.245846,-5.488609,-1.7256688,-6.133977,-12.625822,-11.809298,-11.9192505,-13.891683,-14.436012,-14.262747,-14.172444,-18.384531
75,-13.057094,-18.501513,-13.004087,-18.510445,0.015747178,0.5606642,-0.40376166,0.41261187,1.5509982,0.2052446,0.32280082,1.5241522,0.0053443275,-0.411336,0.91543597,0.8240319,0.34940812,0.5432069,-0.73005533,-1.3466972,-0.9253969,-0.39728165,-3.0708315,-2.6379588,-8.067103,-12.23853,-13.703763,-12.856763,-15.588753,-15.804303,-15.644085,-15.758687,-18.493973
76,-13.983407,-19.530107,-14.0535555,-19.55892,2.9910135,1.5395752,0.24546878,2.1842167,0.29886717,-2.7369785,-0.64820236,0.15386415,1.0605232,-3.366688,-0.1115623,-2.3543265,-1.6010091,-2.9124234,1.0903664,-0.7475927,-0.15034796,-1.5980786,1.07019,0.42038697,-8.032371,-15.814304,-15.107545,-15.492316,-15.710951,-16.152771,-16.461723,-16.107244,-19.521713
77,-12.641563,-18.014746,-12.21164,-18.007133,0.5155565,0.23231916,0.14950588,0.034220748,1.0380583,0.1591315,0.37028614,0.4357155,-0.06951741,0.11440547,0.97009283,0.14873351,0.2112423,0.30772138,-0.6717695,-0.66787595,-0.87849605,0.26376802,-1.8203111,-3.2117815,-7.6494904,-11.989577,-13.292123,-12.677952,-15.682049,-15.819021,-15.736003,-15.859851,-18.02184
78,-13.838909,-19.476847,-14.007983,-19.47729,-0.46818894,-0.067443974,2.7160418,-4.057839,0.7661525,-2.0483608,2.9590526,-1.8768731,-5.836088,-2.4187481,-3.685703,1.5537271,1.1591325,1.0792727,0.0345835,-0.7513335,-0.7078249,1.6007842,-2.3666828,-0.75721896,-8.807158,-14.298975,-13.682927,-14.232902,-15.542098,-15.655627,-15.804456,-15.318368,-19.273209
79,-8.927698,-16.359768,-11.111168,-16.407433,4.2309985,1.4272525,-3.074425,6.371998,-1.6055342,-4.481541,-4.4646797,1.0465972,8.477876,-4.018162,-3.0947695,-4.2165694,-4.3632417,-5.4385047,1.6934257,-2.1532772,2.3773446,-4.647641,-4.187308,-3.501909,-2.4808393,-11.939205,-13.00738,-13.108328,-15.364972,-15.952405,-15.128073,-15.5062065,-16.307407
80,-13.59265,-17.179832,-13.38832,-17.163877,0.09605372,0.24169332,-0.16422385,1.2491031,1.3237859,2.0345514,-0.9925642,1.0726421,0.22460754,1.9523627,0.68210185,-0.9752298,0.14140326,-0.07381777,-1.5561079,-2.1389134,-1.2023456,-1.7615404,-3.821641,-2.370399,-7.660662,-12.15174,-13.694775,-12.5784235,-15.579299,-15.802349,-15.426378,-15.704731,-17.174961
81,-10.5285,-17.525074,-11.169804,-17.48269,-1.8384888,-1.4091023,1.2668062,-1.834112,1.024367,-1.5463573,6.760134,0.37484035,-2.0451062,-2.728674,0.919611,5.199538,1.6656158,1.1880375,-3.6013436,-2.415609,-1.5552187,1.9231523,-2.3669553,-5.359562,-4.995997,-11.201759,-11.298159,-11.060912,-15.98571,-15.200966,-15.948446,-14.962356,-17.459723
82,-11.8481045,-16.991354,-11.064941,-16.987335,0.14114653,1.8540579,1.4502581,-0.12629661,1.290804,2.090132,-0.43504813,0.4750094,-1.8600909,1.7053199,1.9653689,-0.25767955,-0.159758,0.5821223,-1.775032,-2.530917,-1.7405885,-0.39085934,-3.3061378,-2.5249078,-5.457187,-10.85137,-11.66416,-11.398495,-15.374693,-15.377544,-15.024675,-15.428381,-16.965282
83,-12.377463,-17.223616,-11.668786,-17.219305,-0.38007903,0.89272505,1.3888015,-0.18414232,1.0023558,1.7942016,0.374876,0.49121547,-1.7748212,1.7672917,1.6878295,-1.2298933,0.59416074,-0.11490462,-1.8721131,-0.34603846,-1.4713465,-0.018359652,-1.2943053,-1.1717411,-6.602994,-11.891672,-12.974609,-12.814256,-15.653767,-15.688913,-15.792547,-15.864154,-17.26074
84,-13.141952,-17.594889,-12.377483,-17.585688,0.6355491,0.12164033,-0.02236769,0.15268019,0.96061534,-0.07941197,0.42682776,0.6355389,0.18883388,-0.2332826,1.1213541,0.30791813,0.16000341,0.25240597,-0.310598,-0.44566488,-0.8001629,0.049261518,-1.5413463,-4.2380905,-7.2778754,-12.427004,-13.443243,-12.985287,-15.546047,-15.847351,-15.781926,-15.871843,-17.612297
85,-13.2040615,-19.728077,-12.95557,-19.750797,-0.4237216,1.2089295,0.9585592,0.81790257,1.6709902,-1.1846979,-0.10711008,1.9327735,-0.88259685,-1.1439141,0.99780893,-1.1802834,0.75103354,0.59826577,-2.5822303,-2.1029649,-0.3891168,-0.07675859,-6.38883,-2.2405527,-6.7464385,-12.477275,-13.265789,-12.721106,-15.967797,-16.079712,-16.3745,-16.380598,-19.629166
86,-11.490826,-20.52543,-12.271018,-20.480268,1.6667525,3.7887242,-2.3094637,5.7124467,-1.0005414,-1.1392219,-4.047716,2.6339192,3.3815417,-3.711333,-3.2741728,-3.5145442,-1.6981145,-2.7777934,-1.0034294,-1.9908699,0.21584985,-1.8238143,-4.671684,-2.016506,-4.36678,-10.946857,-13.288778,-10.610251,-14.554903,-14.380101,-14.048389,-14.797487,-20.51109
87,-12.287448,-17.936634,-12.875724,-17.96405,-0.26711258,-0.18327047,-1.3939945,-1.6330844,-0.35777697,1.5483855,-1.1801859,-1.3391488,-2.3409605,4.043706,-1.6344404,-0.58860785,-0.97226274,-0.48061115,-0.02763636,0.63184685,-1.408002,-1.0251534,-1.7893627,-2.3985586,-9.05015,-13.243815,-12.513031,-13.7944145,-15.980942,-15.77552,-16.321926,-16.130848,-17.93601
88,-6.137617,-7.6272855,-7.4188156,-7.618436,0.66816735,-1.2493796,-1.4867189,0.7395266,-0.960631,-3.9560711,-0.2826044,-3.201118,-0.5848559,-3.6784956,-5.055214,-3.4229555,-4.1821127,-3.2100813,0.7082187,-1.5932068,-1.929415,-3.2844834,-1.927786,10.725721,-1.9126185,-8.97412,-4.9107175,-9.919305,-13.388685,-13.664114,-15.26786,-13.765187,-7.6432624
89,-13.888067,-22.8362,-13.466724,-22.775902,0.82026446,3.5758889,0.19090007,3.5051827,3.723767,-3.127691,-2.007625,4.1622777,1.0741193,-5.498791,-3.915818,-3.1692944,-2.0995538,-2.394739,-1.5335039,-2.11831,0.5053715,-2.8792572,-3.3014526,-1.4529078,-8.211065,-15.662457,-15.138365,-14.461506,-15.335762,-16.051302,-15.735156,-16.511593,-22.75914
90,-13.751049,-21.434969,-13.670275,-21.429222,0.35415187,0.8080133,-1.3633431,1.2138836,2.1312876,-0.12037207,0.5992016,2.250714,-0.07095768,-0.6721955,-3.7515712,0.49137157,0.55698705,2.4636002,-1.8385069,-2.1454644,-1.0790044,-0.113006085,-3.6178358,-4.410798,-7.314385,-11.804732,-13.98198,-12.303911,-15.668657,-15.941465,-15.4184265,-15.730878,-21.36375
91,-13.298602,-20.150072,-11.449763,-20.182209,-2.8588,1.1088136,2.3706262,-1.1662639,1.6402658,4.1374474,0.21149182,0.38191277,-4.334733,3.4739964,-0.2195184,0.08492724,2.1860523,1.0328127,-5.570624,-4.4882054,-3.0106966,-0.6606757,-5.4766617,-2.1209655,-6.2876043,-11.293414,-11.814311,-11.980528,-15.192234,-15.742786,-16.264458,-15.27637,-20.15496
92,-10.866825,-10.338075,-9.812,-10.352879,-4.5555577,0.2072298,10.690597,-1.456295,1.7996689,-1.7961864,-1.2464106,-1.4920923,-4.1098223,0.34086394,-6.7781105,-3.8389118,-5.2876277,-1.4664087,-4.0935354,-3.3014603,-4.844116,-3.7335997,-1.9217806,0.8095363,-5.8565707,-11.321901,-8.607373,-12.081438,-15.03405,-14.051172,-15.192211,-14.188774,-10.44311
93,-13.73573,-19.309591,-13.233374,-19.29747,0.87779015,1.8026867,0.14524797,0.1584788,1.7060785,1.1486526,-0.2136784,1.0657613,-0.5206053,0.2932338,0.8481542,-1.788369,1.2731472,-1.1556624,-1.0541011,-0.8657354,-0.3112321,0.14557944,-1.9758595,-5.7191396,-7.9222317,-12.735569,-13.622772,-13.090254,-15.912144,-15.73809,-15.729644,-16.003927,-19.293543
94,-11.693821,-22.430294,-13.033061,-22.423895,-2.7189784,4.027182,1.998431,1.3277638,2.6239462,-1.8012648,-1.810982,1.6718031,-1.5095717,-3.126207,-2.866509,-2.1722486,-0.8974163,-0.119784355,-4.908977,-4.9742484,-2.1831086,-1.6712062,-7.1983075,2.1078763,-10.972533,-16.094658,-12.088899,-14.439317,-14.9871235,-15.355641,-15.930029,-15.409338,-22.363081
95,-11.311407,-16.954655,-10.760105,-16.98084,0.18794148,-0.13839167,0.6848178,-0.28305146,2.0287995,0.045062393,0.6796361,0.019048825,-0.520007,0.037982926,0.3304276,-0.035432905,0.02410003,-0.23845905,-0.6088479,-0.5090088,-0.7603764,-0.29376027,-2.15482,-1.9894037,-6.550828,-11.685669,-12.636472,-12.414881,-15.642974,-15.634286,-15.60955,-15.800716,-16.960537
96,-14.463429,-22.246403,-13.923145,-22.188503,-0.05754718,0.84536403,0.060999367,-0.7256399,6.3958592,-2.2696908,-2.362523,1.4642667,-1.1179825,-2.1031249,-1.0126488,-2.6953893,-0.8162335,0.82886994,-0.63711566,-0.8503623,-0.7849247,-0.8896659,-3.4325285,-4.0797167,-11.008424,-14.289374,-10.66787,-13.794497,-14.448936,-14.9729,-15.41689,-15.122469,-22.121363
97,-14.147875,-22.718412,-14.065946,-22.693203,0.28933585,1.4141914,-1.0587608,0.107560314,1.4353361,1.5098587,0.48515216,0.17624299,-1.3648132,-0.085720755,-2.6938982,0.3642107,2.3807638,-1.3440092,-0.87542003,-1.0410421,-0.2793923,0.9841386,-3.0651593,-5.7046456,-7.6273284,-12.730879,-12.934052,-11.811296,-15.860809,-15.849456,-15.464794,-15.739579,-22.640285
98,-11.601692,-17.101927,-11.207403,-17.09983,0.3394472,1.4507949,1.8944126,0.2029431,0.8443907,1.1987286,1.5576763,0.07321306,-1.7543477,-0.020338055,0.70489484,0.64449567,0.32838845,-1.3588685,-1.4137169,-1.9945666,-0.97147447,-1.2671213,-0.5143728,-1.3377546,-5.522525,-11.802679,-12.242027,-12.315517,-15.693464,-15.771302,-15.719538,-15.644104,-17.122028
99,-14.07267,-19.523476,-14.66669,-19.553656,0.4264006,-0.05512192,-1.7818059,1.086403,0.9281196,0.42842484,1.6123765,1.7535669,-0.137292,-1.3629293,0.46259534,1.274087,1.2147352,-0.48593226,-1.2523398,-0.6437581,-0.76426053,0.35274163,-2.297722,-4.7162604,-8.013477,-12.853736,-13.631543,-13.0324745,-15.578164,-15.628182,-15.518799,-15.511656,-19.474365
100,-13.268109,-18.848515,-12.973667,-18.825327,-0.25991878,0.73613983,-0.4159553,0.52762055,1.5848552,-0.12811568,1.8099843,1.6113963,-0.5219441,-1.1707001,0.5136785,0.6215711,0.44419575,-0.13848165,-1.0809488,-1.6341971,-0.45871484,-0.5085265,-2.296841,-4.3075447,-7.253696,-12.177402,-12.3741,-12.608887,-15.553504,-15.508943,-15.74423,-15.715759,-18.834612
101,-13.726958,-19.356108,-13.698092,-19.355646,-0.69161075,0.919431,0.33108482,0.98825526,2.2671175,0.56198424,0.5107426,2.3158207,-0.7113534,1.2086542,-0.6419583,-0.2537821,0.82618576,0.31745267,-1.9752076,-1.9700154,-1.5293499,0.67014796,-2.6727483,-2.9797068,-9.510196,-12.645867,-13.845729,-13.168902,-15.638709,-15.647861,-15.819899,-15.757704,-19.327452
102,-13.161373,-20.940643,-12.383903,-20.89121,-0.3111229,1.2573211,0.5491742,-0.9438856,2.0113134,0.39332977,3.1456,1.3008177,-2.9151978,-1.1794902,-1.1888779,2.452542,3.4809217,0.40542606,-3.1340964,-1.8474379,-1.513693,1.1752034,-1.6136953,-5.6075664,-5.437949,-10.1188545,-10.316962,-10.436493,-15.794009,-15.104754,-15.696365,-15.180835,-20.891346
103,-13.285322,-18.90435,-13.695738,-18.898611,0.6548636,0.49311018,-0.34196585,0.51241994,1.8386166,0.91100603,-0.64177495,2.3613534,0.012285473,0.15776506,0.6750293,0.09785037,-0.19211239,-0.33895403,-0.5649907,-1.6729906,-0.657129,-0.98164505,-2.509211,-5.198485,-8.388365,-12.414315,-13.61494,-12.914494,-15.496841,-15.77421,-15.544417,-15.927284,-18.93266
104,-12.132247,-19.92072,-12.945978,-19.930847,3.2059166,-1.4375495,-4.3422437,2.3541775,-0.9219298,-2.6248019,-1.030121,-0.11395167,2.7278485,-3.9983718,-3.671675,-0.5594069,-0.1606229,-1.9611806,2.2888875,1.0468813,1.4536345,0.7934627,-0.7500407,-2.965421,-7.5898895,-13.789337,-14.931141,-13.216969,-15.199216,-15.354356,-15.51389,-15.6154375,-19.9275
105,-12.259332,-17.92278,-11.333195,-17.920498,0.5076133,0.9683024,1.1594273,-0.09709278,1.5174427,0.37531924,0.78877556,0.31197774,-1.7071018,0.04377575,1.5687253,-0.16322453,0.11184789,0.09013746,-1.6704293,-1.6460755,-1.2365513,-0.39211947,-2.2595384,-0.73000747,-6.6798973,-12.429899,-12.722757,-12.927439,-15.496162,-15.818679,-15.8219,-15.696634,-17.936146
106,-11.391417,-16.358189,-11.620461,-16.309109,1.3591702,1.0287366,-3.6123776,-0.78307116,1.3229343,-2.9997687,1.3653457,0.4445164,-1.1649344,-4.853692,6.596912,-0.9443937,1.8915911,-2.4031076,-2.9926789,-3.4852839,-1.6410085,0.35798198,-4.4667816,-5.385273,-7.0455837,-13.395286,-12.873722,-11.682314,-15.315738,-14.963714,-15.8159485,-16.131678,-16.266102
107,-6.936425,-14.296733,-8.488424,-14.196233,-0.9790468,-1.916984,-0.81710094,-1.8173907,-1.5797435,5.4977736,0.02449561,-2.5779703,-3.2048779,1.4244975,-4.8242555,-0.5003307,8.139066,-2.3608046,-3.8553655,-1.9731767,-2.379438,2.388337,-2.4205766,-4.402116,-4.819163,-12.034689,-11.114727,-8.473515,-15.765656,-14.667814,-15.95436,-15.345845,-14.257764
108,-13.268109,-18.848515,-12.973667,-18.825327,-0.25991878,0.73613983,-0.4159553,0.52762055,1.5848552,-0.12811568,1.8099843,1.6113963,-0.5219441,-1.1707001,0.5136785,0.6215711,0.44419575,-0.13848165,-1.0809488,-1.6341971,-0.45871484,-0.5085265,-2.296841,-4.3075447,-7.253696,-12.177402,-12.3741,-12.608887,-15.553504,-15.508943,-15.74423,-15.715759,-18.834612
109,-11.208768,-15.618014,-9.922317,-15.5507765,-1.761079,1.9661222,0.6166777,-1.5711417,0.6750476,5.2105865,-3.3210976,-1.8136573,-3.7417698,7.6210847,-5.388477,-2.9881876,-0.32626724,1.676728,-1.9935157,-0.67354894,-2.495774,0.1299656,-3.60514,-2.3445327,-7.0984397,-7.974928,-9.958178,-9.492009,-14.834053,-13.572237,-15.398106,-14.688818,-15.630981
110,-11.424749,-19.18772,-13.8258705,-19.192116,-0.73471797,1.1659908,-0.50320315,-0.55980337,1.6584353,-1.6700624,4.4409585,1.8224833,-1.7142329,-5.433603,-3.690271,5.156376,2.9970033,-1.8629651,-3.1088867,-2.0812197,-0.28111222,0.69192636,-1.957723,-0.8167433,-7.31759,-15.380202,-14.710741,-13.850182,-15.724232,-15.289749,-16.523643,-15.554714,-19.159592
111,-11.556505,-18.6384,-11.117995,-18.62839,7.010559,0.6966687,-2.6383302,5.774377,-1.847027,-2.4568791,-3.2431097,-0.32715845,5.1148977,-4.5745215,-6.289762,-5.3079643,-0.48001897,-5.6604934,-0.87274903,-4.6991987,3.030512,-3.345182,-4.1253376,-1.3735563,-4.7822905,-15.111318,-14.184795,-13.867057,-14.856479,-16.46592,-14.917746,-15.624569,-18.64561
112,-12.666839,-18.853214,-13.904564,-18.8133,-0.3675298,-0.5733891,0.10161372,-1.1725078,0.897542,-2.7897365,4.8887844,-0.07167457,-1.2086312,-2.6713583,0.46678427,2.2708342,0.8315243,-1.2127427,-1.4737462,-0.65817904,-1.273783,2.1504636,-1.4731647,-2.6593266,-6.511475,-13.655317,-13.459458,-13.331774,-15.905037,-15.504908,-16.313225,-15.572219,-18.79406
113,-13.166607,-18.197992,-13.329633,-18.196514,0.50562274,0.26769868,0.066235736,0.24988802,1.3141767,0.43428954,0.2936271,1.0622331,0.03408702,-0.10064208,1.0331568,0.85421157,0.4414642,0.3155462,-0.21385123,-1.1277581,-0.84260094,-0.19515194,-2.008016,-4.679153,-8.535406,-12.392218,-13.929636,-12.956493,-15.539287,-15.709365,-15.623134,-15.709705,-18.228521
114,-10.759388,-19.126793,-11.515352,-19.042084,0.44373855,3.0781453,-0.099149875,-1.2482617,2.4084578,-2.4262483,-0.53841317,0.055464394,-2.750797,-1.8374604,4.917021,-2.5435977,0.11763912,0.055019002,0.5387307,-0.7208096,-3.156979,0.7588751,-3.7112653,-8.102176,-4.7220464,-8.96119,-9.892684,-10.473064,-15.518635,-15.233412,-16.087648,-15.928968,-19.094006
115,-4.807141,-5.586995,-2.6082773,-5.6192975,1.3197845,-3.169908,-1.0425714,-1.1636208,-1.7724426,-4.999032,-0.82124937,-3.2945876,-0.03807458,-5.0536084,-3.4983516,-2.2897928,-3.50349,-3.7715,2.157655,0.47950864,-0.50967216,-3.7965016,12.229654,0.12735401,-0.8343939,-7.604127,-7.7296085,-8.377897,-14.785036,-14.362861,-15.375829,-14.524421,-5.6137404
116,-13.202678,-19.03792,-13.265905,-19.040272,0.7620335,0.5210171,0.055154294,0.599734,0.89831084,0.1032708,0.20201136,0.6248447,0.1258941,-0.19968118,0.17497675,0.8297893,0.28128815,0.45803282,-0.5456458,-1.312886,-0.8689069,-0.3639202,-2.192374,-4.2525306,-6.973657,-11.526247,-13.561303,-12.2474785,-15.629338,-15.908055,-15.716352,-15.838139,-19.01637
117,-13.327949,-19.509123,-13.348692,-19.513403,1.011286,1.337579,-0.29393768,0.96078044,1.4525821,0.7996701,-0.09262286,1.468268,-0.025197934,-0.7060945,1.2999091,0.65432954,0.763279,-0.46666968,-1.1136906,-2.0786078,-0.2903337,-0.75526714,-3.1681788,-4.9589543,-7.300443,-12.587651,-13.547571,-12.443764,-15.560212,-15.722528,-15.448474,-15.721396,-19.511732
118,-4.320703,-9.35635,-7.111838,-9.42495,4.394639,-0.45365167,-4.387013,8.300661,-1.6185039,-5.339485,-5.65486,1.3102888,7.7827168,-4.5329614,-6.90737,-5.271982,-4.9271946,-2.2637503,0.05444112,-5.917886,0.7242403,-5.4745703,-7.2989407,-0.01735147,-5.3181496,-11.252914,-11.043285,-11.289492,-12.112705,-14.10866,-13.139557,-13.772247,-9.366378
119,-12.386835,-17.776937,-11.4679985,-17.746193,0.22712892,0.4242271,1.6260355,-1.5255904,3.5253758,0.6398924,0.15587248,3.2756572,-2.4300728,0.6599211,0.8474184,-1.1481314,1.1532377,0.8211062,-2.790968,-2.4614809,-1.4776138,0.019632176,-4.336731,-4.17899,-5.9348536,-10.824321,-11.930803,-11.925752,-15.083295,-15.769632,-15.857541,-15.87816,-17.747229
120,-12.653691,-17.938862,-11.903035,-17.952871,0.729828,-0.07270594,-0.51863813,1.1519579,0.9595974,-0.33442855,-0.64467615,0.34171224,0.4561218,-0.3519863,0.5823563,-1.1435937,-0.11979669,-0.2094163,-0.40043342,-1.0100585,-0.98955005,-0.56785,-1.8610373,-2.627262,-7.044856,-12.560511,-12.898163,-12.894857,-15.337942,-15.865517,-15.453833,-15.984669,-17.922848
121,-14.534122,-20.714191,-13.810261,-20.714094,0.9459711,0.54530275,-0.7028463,1.262458,1.5155095,-0.035470597,0.5364121,1.2761161,0.6257219,-1.3447754,-0.6313893,0.35131583,0.7965742,-0.18629174,-0.910961,-1.415738,-0.77766675,0.019039527,-2.7921796,-4.4381523,-8.382027,-12.843896,-13.356279,-12.913475,-15.43992,-15.804607,-15.488583,-15.755367,-20.644226
122,-11.430693,-18.243832,-11.577035,-18.226076,0.7270906,0.46641326,-1.6257405,-1.5200176,1.0722761,-2.8029416,-0.7553611,-1.3688998,-3.0031595,-2.1639135,0.8671023,-2.9573822,-0.25684634,-1.2705296,4.9281096,3.1249528,-2.7939494,1.975141,-2.2869093,-4.743137,-5.253815,-10.021817,-10.830155,-10.945319,-15.833038,-15.771658,-16.16919,-16.28276,-18.166548
123,-12.578355,-17.452572,-12.224513,-17.47061,0.4426302,0.56219983,0.16403419,0.5407018,0.8190666,1.7519903,-0.43490806,0.24822997,-0.62053066,0.4964454,1.0442716,-0.30715352,0.12698056,0.34283352,-1.2730969,-1.4551427,-1.1131074,-0.8300662,-2.8435316,-1.0436829,-7.2724023,-12.204207,-12.599186,-12.37804,-15.286652,-15.588699,-15.420985,-15.630707,-17.452469
124,-11.938353,-15.518443,-10.70331,-15.444006,-1.7319547,2.3530102,0.8427671,-1.9020582,1.1768447,4.713608,-4.081803,-1.4695694,-3.5187037,7.428056,-5.4039125,-3.7400696,-1.1761264,1.2009789,-1.7391866,-0.60715604,-2.2211301,-0.77170044,-3.6773472,-2.4022942,-9.9863205,-9.899546,-10.020584,-10.829634,-14.485062,-13.710492,-15.422626,-14.473707,-15.540928
125,-13.593586,-18.964405,-14.109671,-18.971611,0.06033393,1.1015306,-0.1882857,0.44034815,1.5225267,0.5524621,-0.10072608,2.0968823,-0.07417114,-0.088236004,1.2102783,0.7906572,-0.035474006,0.372116,-0.7513826,-1.8220829,-0.780502,-0.8096363,-3.078915,-5.320998,-8.851668,-12.810868,-13.861086,-13.195896,-15.504074,-15.69417,-15.523717,-15.665102,-18.972887
126,-12.98545,-17.152182,-12.752495,-17.14161,0.30234835,0.050122596,0.45264786,-0.25750548,1.600401,-0.2588214,0.038606554,1.3072944,-0.13528636,-0.1496511,2.2141995,0.1701585,0.4568772,0.7079232,-0.11973357,-1.1143591,-1.5457543,0.14392653,-2.3782494,-5.1146016,-7.3747945,-11.90139,-13.28494,-12.566694,-15.698955,-15.766062,-15.7698345,-15.921235,-17.156208
127,-14.708785,-25.706524,-15.531715,-25.661905,-0.71596915,1.8266977,-1.4125587,2.336327,2.4721339,-2.293949,-1.9793556,4.881112,1.3414193,-2.3550997,-1.901142,-2.2218246,-2.329555,0.27214414,-2.4995253,-3.8812919,1.2608879,-3.0678647,-4.534269,-5.391293,-12.14478,-17.25251,-15.016734,-15.878121,-15.873564,-16.356064,-16.278027,-15.794795,-25.615229
128,-12.183002,-19.343666,-12.704359,-19.336048,0.98285854,0.5663372,0.020173049,1.1899979,0.5530418,0.44754103,-0.84513384,0.54519314,0.23953192,0.029195908,-0.50798947,-0.6814217,0.046159018,0.12433825,-1.3544129,-0.722812,0.036503628,-0.79074913,-3.2092822,-0.8228194,-8.389694,-13.960803,-13.784316,-13.901423,-15.508531,-15.809751,-15.645799,-15.995998,-19.350319
129,-14.506293,-19.026556,-13.395714,-19.016787,0.13930802,1.5418779,0.2881008,0.3623895,2.1871023,0.6924151,0.14432703,1.53567,-0.18309806,0.23366982,3.0237002,-1.979647,0.18894368,0.39519802,-1.177675,-1.6928946,-1.520947,-0.55481106,-4.169372,-6.308565,-7.4217005,-11.941843,-12.718695,-12.598618,-15.784064,-16.027771,-15.723874,-16.008955,-18.967405
0,-10.848727,-12.577991,-7.710132,-12.490048,-0.5958052,-1.7225637,-1.3924054,-0.4831624,-1.9155153,9.424903,-2.98097,-1.5684353,-2.0583057,1.1349641,-5.6109943,-0.2393593,0.37971798,-2.9188871,-2.816988,-2.4396625,-0.6823888,-2.2595503,-3.8793786,-3.4519405,-2.9578562,-9.2993355,-7.511402,-8.134795,-13.560227,-13.153407,-13.756746,-13.753885,-12.484864
1,-10.99218,-18.84415,-11.197649,-18.87612,-0.9476004,-0.5334098,-1.3684324,-0.13901928,0.87941664,1.7710522,2.2858021,1.511159,-1.0273964,-0.89179707,-1.7531307,3.9626296,2.0950909,0.88533664,-3.2918656,-2.603366,-0.57408863,-0.50141853,-3.4435859,-7.325908,-4.506002,-8.957412,-11.073762,-9.275961,-15.871229,-15.139533,-15.587221,-14.72382,-18.792877
2,-13.745606,-22.421095,-13.478705,-22.38864,0.93740535,1.8475711,-2.19615,3.371907,0.38251266,-1.4818017,-3.4589612,1.9505206,1.9761266,-2.729319,1.3804126,-3.4303584,-1.499306,-1.3965008,-1.5578499,-2.3956988,0.4375693,-2.02414,-4.729185,-6.552488,-6.842001,-12.360479,-13.992081,-12.466327,-15.411856,-15.716929,-15.493849,-15.889242,-22.325357
3,-8.827246,-12.895506,-11.016646,-12.853577,0.37081185,5.2831793,-0.4340263,0.5039385,2.2172248,-3.6077826,-3.2544115,1.6554213,-1.687247,-4.8238945,9.4565525,-4.747063,-1.80026,-2.9413633,-3.8269827,-4.6569414,-2.6375496,-2.0361474,-7.226456,-4.1228666,-3.6975458,-11.2706785,-12.560236,-11.243748,-14.834135,-14.381846,-14.971325,-14.490885,-12.889418
4,-11.424749,-19.18772,-13.8258705,-19.192116,-0.73471797,1.1659908,-0.50320315,-0.55980337,1.6584353,-1.6700624,4.4409585,1.8224833,-1.7142329,-5.433603,-3.690271,5.156376,2.9970033,-1.8629651,-3.1088867,-2.0812197,-0.28111222,0.69192636,-1.957723,-0.8167433,-7.31759,-15.380202,-14.710741,-13.850182,-15.724232,-15.289749,-16.523643,-15.554714,-19.159592
5,-12.249908,-17.177423,-11.862836,-17.171038,0.45582944,0.10844435,0.9060087,0.16015464,0.33918664,0.81297135,0.6456149,-0.030491553,-0.2784911,0.056306086,-0.3133308,0.44347835,-0.059040673,-0.15279143,-0.8162151,-0.9120875,-0.65800625,-0.5697447,-0.7552653,-0.8378401,-7.298735,-12.426132,-13.202721,-12.887883,-15.522053,-15.6409645,-15.65943,-15.863327,-17.197594
6,-14.345394,-20.441101,-13.808849,-20.426699,-0.9679984,-0.2872203,2.2509785,-1.182119,2.2664616,0.10591697,-0.564683,0.53171444,-0.849067,2.0344343,-2.1643813,-0.26929963,-0.45076367,3.0163393,-1.5049145,-0.41693965,-2.4584634,0.88475585,-3.3441963,-5.348819,-7.3334546,-8.783239,-10.583294,-11.350693,-15.540232,-15.483219,-15.709939,-15.487415,-20.369896
7,-12.977964,-17.252518,-11.371142,-17.237183,0.38176587,1.6459526,-0.010257082,0.101673745,0.98822504,2.272594,-0.6114472,0.2634896,-0.9976711,2.4297605,2.1881094,-1.3338856,0.20255223,-0.46558136,-0.7872126,-0.61713964,-0.7543219,-0.030385233,-2.2925012,-7.5617185,-7.5755105,-11.63566,-12.751244,-12.122116,-15.377242,-15.730637,-15.111008,-15.652645,-17.241796
8,-14.671155,-22.165531,-14.251984,-22.194761,-0.10868195,2.242097,0.44563383,-0.6149915,2.3769898,1.7984344,-0.4626741,1.0944862,-1.2200149,1.2375239,-4.767698,0.3057856,0.9136876,0.72053325,-2.7086334,-2.5223327,-0.48608953,-1.4127696,-4.809841,-1.5109501,-10.995025,-14.391714,-14.164607,-14.003113,-15.091358,-15.655699,-15.12375,-15.422992,-22.064413
9,-13.380685,-19.59558,-12.840429,-19.608475,0.22030328,0.29322308,0.37663403,-0.15607074,1.5951341,0.29869872,-0.58522487,0.9649637,-0.77150065,0.5354492,0.18921047,-0.9473772,-0.82343954,-0.2729126,-1.4049046,-0.8197236,-1.0450991,-0.9497593,-3.8104784,-1.5877826,-8.098533,-13.396085,-13.429322,-13.668598,-15.570293,-16.074146,-15.932762,-16.185408,-19.561722
10,-12.641563,-18.014746,-12.21164,-18.007133,0.5155565,0.23231916,0.14950588,0.034220748,1.0380583,0.1591315,0.37028614,0.4357155,-0.06951741,0.11440547,0.97009283,0.14873351,0.2112423,0.30772138,-0.6717695,-0.66787595,-0.87849605,0.26376802,-1.8203111,-3.2117815,-7.6494904,-11.989577,-13.292123,-12.677952,-15.682049,-15.819021,-15.736003,-15.859851,-18.02184
11,-11.426876,-19.823854,-12.415889,-19.809944,-0.18917069,-0.29398614,-1.3197962,-1.430645,0.48763058,-0.085050926,3.7772825,0.0036407644,-1.3776684,-0.8881113,-3.2643054,4.707015,0.62316185,0.4205145,-2.5479856,-1.8154669,-1.1457621,0.22667807,-2.0034304,-1.0138952,-7.2180486,-13.610585,-13.728233,-12.997631,-16.60646,-16.167465,-16.338476,-15.288412,-19.758005
12,-13.131722,-17.561298,-12.35361,-17.605984,0.83247733,0.6430897,-0.33774787,0.18523386,0.8318832,0.13237043,1.6773926,0.069772504,0.23184913,-1.00955,0.4444486,1.1024201,1.2189424,0.19841282,0.011301199,-0.9443367,-0.72406185,-0.6435358,-2.2087991,-3.239125,-7.7945657,-13.582993,-14.5258875,-13.205088,-15.801157,-15.992801,-15.984984,-16.007462,-17.525368
13,-13.506865,-21.097883,-14.32206,-21.12287,0.852205,0.8257654,-1.4357816,1.3333548,0.9667611,-0.13452849,1.9850684,1.1778427,-0.61059225,-1.886985,-2.7160723,1.5416197,1.7965406,-0.25937322,-1.3780714,-1.865835,-0.94736797,0.31280372,-2.235796,0.04217556,-7.4837246,-12.639149,-12.775181,-12.528872,-15.258319,-15.662464,-16.044086,-15.361756,-21.049911
14,-13.850192,-22.416258,-14.443565,-22.437422,-2.9300842,2.4815156,3.503521,-0.21349137,3.0669925,-1.8818902,0.20109661,1.0492142,-1.8631748,-1.5861849,-1.1940728,-0.7206499,-1.1500688,-0.6151301,-4.0455756,-3.5463827,-2.158411,-2.1621838,-5.1091757,0.98263156,-8.701135,-15.517361,-11.437571,-15.18823,-15.322227,-15.619715,-15.760577,-15.595283,-22.336655
15,-11.636131,-17.29869,-11.717419,-17.32827,0.009619672,0.07228023,0.25424835,-0.25442034,1.6278765,0.89904386,0.64435816,0.5323841,-0.7544098,0.9711525,-0.17463458,0.009367555,-0.13751201,-0.04529591,-0.5808753,-0.36362496,-0.6022651,-0.6360951,-2.628054,-1.6256943,-7.3474884,-11.682405,-12.511061,-12.449747,-15.533689,-15.659199,-15.602887,-15.817326,-17.298126
16,-11.790197,-19.566456,-11.42168,-19.5147,2.9332674,-0.77633125,-3.8386831,1.7334679,-0.7019262,-2.7565708,2.8798592,0.08266186,1.4680924,-5.955403,-4.960632,2.8949642,1.3873606,0.6099251,-0.71642596,-1.1431603,1.8295796,2.0012293,-3.1757889,0.3670756,-6.6371994,-13.014143,-14.321134,-12.668653,-15.257555,-15.700075,-16.349277,-15.659925,-19.549883
17,-14.215487,-19.7611,-13.719558,-19.766743,-1.083225,0.055806223,-0.58433163,-0.5436325,0.6349089,1.3032821,0.16098756,0.21585922,-0.85157686,0.51835436,2.1172178,0.7195588,0.4465977,0.6656142,-0.9481071,0.52445513,-1.688743,0.808987,-3.0496976,-4.098051,-8.752838,-11.577326,-13.789469,-11.743738,-15.630284,-15.757123,-15.582427,-15.803035,-19.717327
18,-12.145586,-18.645746,-12.628316,-18.636269,-0.3709942,0.6985612,1.7866496,0.059295975,1.478503,-1.2203009,-1.0783703,1.4223247,-1.1516374,0.21016517,0.6761046,-0.34488735,-0.5098603,4.096308,-2.436877,-0.5503712,-0.7809914,0.955671,-4.0327663,-0.6418949,-8.339401,-12.347737,-12.968872,-13.905445,-15.457144,-15.948127,-15.929869,-16.03148,-18.593683
19,-7.9167604,-9.088957,-9.097235,-9.176015,-2.5842428,-0.30781573,-2.0692716,0.32429233,-0.6301871,-2.5267136,9.082984,-1.8511844,-3.1176658,-6.084724,-3.218859,5.671787,-0.7103972,-2.3290045,-3.2941253,-1.4172103,-1.7216007,0.83739126,-1.7303649,-0.25416678,-3.677201,-11.477504,-9.603027,-10.198437,-15.4477825,-14.364033,-15.129248,-13.999952,-9.078945
20,-12.66124,-17.90754,-12.732151,-17.885448,1.3053263,1.0860049,0.994747,-0.03213323,0.9454625,-0.04963218,1.3956491,0.11573977,-1.2093158,-0.6536775,1.5727861,-0.50992584,0.25542137,-1.471806,-0.6964325,-1.7364361,-1.1199731,-0.22901928,-0.5156193,0.019804373,-7.197459,-13.418854,-13.16893,-13.507574,-15.6297655,-15.896691,-15.897444,-15.973903,-17.936174
21,-12.042174,-19.814928,-10.096734,-19.764452,0.6967674,0.7993265,-2.9496508,3.5522373,1.1634868,-2.655158,-2.0151815,3.6281352,2.667609,-4.3586383,-2.8097146,-1.5273496,-2.4899876,-1.2218369,-1.1110218,-1.9251388,0.27490067,-2.8158977,-4.1853485,-4.8158765,-5.596224,-7.558941,-10.677671,-8.643344,-13.804547,-14.213912,-14.505784,-14.25244,-19.74611
22,-14.582655,-20.854496,-13.160269,-20.87626,1.4328984,-0.05361835,-1.5251908,2.542581,0.6550424,-0.068130076,0.7691936,0.89012134,1.1747061,-1.1877135,-1.1904846,0.38733095,1.725425,-1.2576467,-2.0055919,-2.3593388,-0.55857784,1.1683027,-2.8402026,-4.1194572,-9.506847,-12.964823,-13.065029,-12.645506,-15.3034935,-15.517799,-15.09085,-15.694239,-20.833431
23,-13.733173,-19.141172,-13.940833,-19.136038,1.1641173,0.64421284,-0.56077176,0.51985586,1.3996278,-0.49686092,0.22141713,1.0114963,0.49422866,-1.3813622,0.7216331,0.6536741,0.051279627,-0.10587764,0.2802951,-0.8605423,-0.48696533,-0.4567533,-2.5264008,-4.1971145,-8.036758,-13.524843,-14.273583,-13.661497,-15.737646,-16.000877,-15.921339,-15.903962,-19.14888
24,-10.91455,-16.275318,-9.870343,-16.216461,-1.7361877,0.8030813,-0.03381226,-1.9383794,-0.3545067,6.474225,-1.8772556,-2.5719573,-4.225667,6.1967754,-2.4762375,0.042135313,2.0473723,0.7194143,-3.0063694,-0.869717,-2.687448,0.48062629,-3.6886692,-3.0995038,-3.3801913,-8.2698555,-9.892052,-9.018448,-15.506376,-13.410263,-15.139649,-14.456958,-16.196596
25,-14.936775,-25.321564,-15.974865,-25.291168,-0.77226216,2.7078545,-0.30599892,0.8372873,1.5263016,0.4246453,0.14665489,1.0421466,-1.1120408,-1.056107,-2.030569,1.3516012,0.24622752,-0.16812015,-2.75473,-2.758621,-0.92696303,-0.92263585,-4.4307504,-4.970767,-9.251662,-14.24479,-14.252567,-13.124123,-15.194912,-16.08546,-15.787046,-16.082197,-25.24393
26,-13.238019,-16.57333,-13.275841,-16.591797,1.1128694,0.0652471,-0.41451183,0.7016351,0.9686515,-0.53822815,-0.033799637,0.37962532,0.54347503,-0.67706496,1.7967483,0.38817862,0.20173413,-0.2612244,0.91243833,-0.80333877,-1.1801393,-0.8340363,-1.7085056,-2.793242,-7.814785,-13.646717,-14.431611,-13.835581,-15.650503,-16.033167,-16.03568,-16.024525,-16.579395
27,-7.440588,-14.551145,-9.609648,-14.503242,-0.51822925,-1.6035674,-0.9895221,-1.3795118,-0.12909466,-1.82988,7.9119797,-0.95722854,-1.4576958,-3.9432325,-3.5608497,3.6089272,1.2211596,-1.9556192,-3.3602083,-2.2963636,-1.2850375,1.5545303,-0.13889265,-1.1633837,-2.2872891,-10.544401,-10.986306,-9.880615,-15.907219,-14.442847,-14.985136,-14.842025,-14.52323
28,-10.308557,-19.767035,-11.016193,-19.738157,-1.2134049,-0.005813537,-1.399522,-1.4713633,0.07910374,-3.5901504,-0.25152627,0.19563992,-2.2432356,-4.5384593,1.0636301,-0.28063706,5.2181096,1.5784453,-4.2923727,-2.572917,-2.1273043,6.630626,-6.9662147,-2.0468388,-8.83986,-15.403211,-13.341227,-13.589022,-15.691798,-15.931959,-15.993885,-15.321188,-19.713531
29,-7.972133,-10.262301,-11.715499,-10.2473545,-0.5422179,-3.0935717,-3.0739875,-2.0670059,-2.1317544,-3.0604477,7.4812236,-1.2575151,-1.4464432,-4.432718,-4.7745576,2.9942517,3.190131,-1.761866,-3.4382334,-2.0343556,-1.2829887,2.3702798,-1.0711892,-0.66799,-7.365711,-13.461773,-11.62104,-11.472159,-14.927432,-13.904975,-14.357868,-13.500869,-10.300393
30,-12.307036,-17.111654,-12.503343,-17.127096,0.5822282,-0.0011724699,0.023282222,-0.1918032,1.0491732,0.28770137,-0.22468148,0.53163934,-0.5179966,0.03950009,1.0321357,0.24512821,0.16984028,-0.17857188,-0.7597514,-1.0597304,-0.83612937,-0.7294154,-1.7077663,0.113498524,-7.7320485,-12.355943,-13.113419,-13.021674,-15.382733,-15.760253,-15.777437,-15.689999,-17.128935
31,-12.206801,-21.609594,-13.345831,-21.640915,-1.4129901,5.3393583,3.2016845,1.1725762,3.1711385,-2.7832122,-3.014428,1.6902059,-0.41391322,-3.5429163,-1.9771811,-2.8887756,-2.0941584,-1.4048793,-2.7585807,-3.4870105,-1.2226474,-2.5498948,-4.8432884,2.6248226,-7.6693,-15.051809,-12.936032,-14.5004635,-14.655782,-16.06621,-16.086172,-15.78465,-21.667706
32,-12.245856,-20.659153,-12.103421,-20.666185,-0.10681136,0.76843286,-0.843958,0.5994573,1.846071,1.2725451,1.065481,1.7699494,-0.90145373,0.6910279,-3.3034005,1.3439373,1.5128814,0.45988867,-1.9491491,-2.3951302,-1.8277725,0.8033596,-4.0697155,-1.3272765,-6.624293,-10.750315,-12.974529,-11.224638,-15.323763,-15.419117,-15.727842,-15.4542675,-20.587017
33,-12.571648,-19.204414,-12.682018,-19.15721,-0.81850773,-0.22577661,-0.5807718,-1.216261,0.05922358,-1.4032652,5.5521884,0.019121755,-2.0431,-3.4023278,0.0059813466,5.320445,1.2438904,-0.61160004,-2.8093233,-2.0042667,-1.7024473,1.1930405,-1.8710107,-0.25067863,-3.8387632,-11.097685,-11.232048,-11.467354,-16.537943,-15.6329155,-16.371738,-15.441501,-19.118454
34,-13.826686,-20.758968,-13.651139,-20.671648,1.9857984,0.6762444,-1.2557704,0.39225832,1.4362788,0.0057867924,1.9628264,-0.22185712,-0.7171349,-1.614087,0.8568962,0.7311144,2.7592137,-1.1948653,-2.2973769,-2.9997144,-0.074109465,-0.3830732,-3.442462,-6.3887563,-6.054322,-11.847824,-11.970097,-11.655472,-15.285661,-15.273895,-15.127904,-15.258945,-20.728252
35,-11.587849,-16.690853,-11.375555,-16.712702,-0.21351644,-0.018454444,0.7594917,-0.71761274,2.2561536,0.82281846,0.18411916,0.60854876,-1.1393794,1.3427128,0.61837065,-0.22413376,0.029239886,0.060953762,-1.0043324,-0.9832871,-1.0049412,-0.5923639,-2.493182,-1.3974271,-6.6218123,-11.602379,-12.891938,-12.532166,-15.566637,-15.648357,-15.499201,-15.585152,-16.682468
36,-11.129612,-23.740541,-11.540972,-23.708727,-0.8289821,4.4317303,-0.15306513,2.830599,2.3881016,-3.625629,-2.7228568,2.3535202,1.3493247,-4.260463,-6.3634253,-2.9645877,-2.8664656,-1.2711409,-1.7601044,-2.8602314,0.57311654,-3.387738,-4.6110873,-4.243174,-5.225882,-12.676668,-13.104148,-12.3915205,-15.368074,-15.42889,-15.637411,-15.649259,-23.668148
37,-7.2951355,-14.530476,-10.57175,-14.542484,2.5284686,-0.41203436,-4.343022,6.643808,-2.078829,-4.3607645,-3.6337159,0.89806986,8.158724,-4.2230988,-3.1624568,-3.3970575,-3.6717303,-2.4220235,-0.8268619,-4.283985,0.9017567,-4.6734395,-6.677302,-6.637032,-2.0273883,-10.352032,-10.793421,-11.151922,-14.230671,-15.423014,-13.79464,-15.194665,-14.515321
38,-11.986256,-21.578842,-13.123196,-21.475481,-0.52990615,2.1129982,-1.8993063,3.2504482,3.2069178,-5.1847525,-3.8767183,7.622104,1.5947756,-5.245501,-6.478599,-3.3334184,-4.71115,-1.5077072,-2.8066409,-3.6358118,-0.37846345,-4.0530324,-5.481993,-1.2941031,-6.7838016,-12.889394,-11.310058,-12.800417,-15.231314,-15.440164,-15.123638,-15.081443,-21.485317
39,-11.305605,-17.53008,-10.640926,-17.421082,-1.4615502,5.3788753,-0.7706373,5.3300138,2.8237913,-3.1550772,-4.4514465,3.5946925,1.0805902,-3.8935513,1.0515232,-4.566235,-5.578024,-3.4201903,-2.255343,-3.3109722,-1.6215866,-4.170562,-4.109255,-1.1691147,-3.9374976,-10.444277,-10.99859,-10.290484,-14.1987095,-14.706399,-15.043222,-14.005902,-17.461283
40,-13.512058,-18.546099,-13.6430645,-18.545256,0.71830404,0.84047014,-0.9760668,1.8485599,0.997096,-0.7137393,1.6730846,1.7279528,1.0226613,-2.065315,1.5547851,2.9192111,0.4932513,-0.8284404,-1.3555055,-2.2290466,-0.74114513,-0.5895574,-4.2371535,-2.5731852,-7.630105,-13.7387,-14.438289,-13.003723,-15.853763,-15.879053,-15.858302,-15.561105,-18.53405
41,-12.45098,-18.387356,-12.71555,-18.428885,5.9047704,-1.6929438,-6.02865,1.8996614,-1.1502198,-1.7586718,-0.03485055,0.84359664,2.4889114,-6.0324364,-9.274152,-0.42164218,-0.84719694,-3.2339978,4.267617,3.1686115,3.016127,-0.1563209,-0.07441063,-3.626483,-3.7304113,-11.950604,-12.447224,-12.430214,-14.682565,-15.493164,-15.140394,-16.759197,-18.416037
42,-13.563601,-20.572714,-14.937952,-20.603107,0.7235922,2.601462,1.4845843,0.14163181,0.9745605,-0.45381743,1.9667487,0.5421599,-1.3451589,0.0918349,-1.583422,0.11133901,0.66670305,-0.39491966,-1.279797,-2.0531597,-1.015621,0.00699177,-1.8630903,-5.5103154,-9.161339,-13.913571,-13.284903,-13.809667,-15.656389,-16.19468,-16.038088,-15.795617,-20.602581
43,-12.519216,-22.408297,-14.322071,-22.349266,1.0810503,-0.31161729,-1.7457166,2.7982109,-0.5857124,-3.4075933,0.9793409,0.3591321,0.64042455,-5.413205,-2.221215,2.0009952,1.6310718,-2.0598822,-2.2028286,-3.1694813,1.6416047,-1.2467984,-6.1869774,-1.4852545,-9.614343,-16.560162,-12.461992,-14.238243,-14.366942,-15.361827,-15.556222,-14.996678,-22.291592
44,-9.35677,-13.81308,-9.617212,-13.779227,-1.5510544,-2.4214513,-0.0053201634,-2.000251,0.04884652,-0.9561882,7.207476,-0.958853,-1.7240893,-0.8827279,-1.2217817,3.1706545,-0.21603918,0.56895524,-2.5055213,-2.005902,-1.8691825,2.0240064,-0.64860505,-1.9248625,-3.1981468,-8.367342,-8.934234,-9.179253,-15.1580515,-14.410587,-14.874607,-14.379502,-13.778688
45,-13.028754,-18.926136,-13.335365,-18.915775,0.5724821,0.8012821,-0.38007584,0.69085044,1.1836071,0.6010137,-0.18217511,1.5599378,0.17068405,-0.569432,0.7641249,0.48854303,0.114837535,-0.28425875,-0.4586297,-1.5867355,-0.6977254,-0.77840424,-2.184631,-4.4544983,-8.193803,-12.999869,-13.805321,-13.068256,-15.558564,-15.676725,-15.524036,-15.707465,-18.927687
46,-6.7988734,-9.590005,-6.6445875,-9.54642,-1.975045,-1.5792772,-3.8518572,-1.8484018,-1.6413529,0.29065222,3.5888116,-0.01872437,-1.7808403,-1.6150746,-5.889381,12.15128,0.5272718,1.2285702,-4.896102,-1.9809912,0.00014804676,-0.11914332,-3.9779117,-1.9911786,-2.9300063,-9.619703,-8.495424,-10.374037,-15.093397,-14.543716,-15.422572,-12.536568,-9.673636
47,-12.260193,-18.672743,-12.5535555,-18.694145,0.5277364,0.6098258,1.02255,-0.26740438,1.8534223,0.14816624,0.6336183,0.13217819,-1.403477,0.21114385,0.03906019,0.31074324,-0.013885919,-0.15087889,-1.0153435,-1.4038659,-1.59135,-0.37447485,-1.9817055,-0.59035647,-6.92789,-12.516728,-13.077747,-13.152721,-15.834108,-16.102411,-15.905371,-16.066492,-18.696112
48,-11.533934,-21.031483,-13.02227,-20.954878,-1.5774391,4.052988,1.3649715,1.5617735,2.867956,1.4951277,-2.6805487,2.8230648,0.48406312,0.027913492,-6.151657,-2.4662735,-0.75147766,-0.7864396,-3.2082338,-3.9725788,1.0154244,-3.1356118,-6.4669785,-0.75860083,-7.4199095,-11.334502,-12.029858,-10.786132,-14.539291,-15.005693,-15.477346,-15.497094,-20.878254
49,-10.360973,-21.08529,-12.469763,-21.048037,-0.31521565,2.922538,-1.8544078,1.2983353,2.6817493,-1.7410029,0.15317649,6.059651,2.1043537,-3.3454394,-2.7835586,-0.16683452,-1.164846,0.5291027,-2.1997287,-3.5007606,1.9298798,-1.990484,-4.3715606,-5.6449523,-6.205913,-13.046142,-12.941195,-12.595121,-15.905503,-15.937773,-15.011745,-14.732699,-21.054358
50,-15.474321,-22.24986,-15.412876,-22.283674,-0.39395738,0.6452471,-0.8654802,-0.40658936,1.9264516,-1.0472221,1.4131655,0.75335866,-1.8232523,-1.0623189,-0.0680062,0.17609183,1.2075646,0.6515039,-0.80451727,0.23918921,-2.5970705,2.0690465,-2.2322452,0.08613403,-10.813921,-14.993494,-14.426558,-14.27762,-15.485412,-15.611658,-16.165453,-15.866443,-22.21952
51,-10.9042225,-19.459581,-11.33766,-19.444784,1.8878545,-1.5618343,-1.4376403,0.43853384,1.5671558,-0.94518214,4.540191,0.75390005,0.62739515,-3.114092,-3.4100735,-0.50644135,2.2822728,-1.3712622,-1.0372694,0.022960678,-0.46298513,2.3172486,0.14083393,-0.77640384,-5.9370418,-12.846479,-12.637981,-12.262032,-15.900146,-15.719523,-16.320848,-15.405806,-19.43485
52,-11.103442,-14.814876,-11.468697,-14.781255,-0.5121282,-1.0774566,-0.9397545,-0.14570421,0.2217426,-1.8533427,-0.58544225,-0.54191226,-1.0758458,-2.0273743,-0.8092143,-1.8786291,-2.2807925,-1.6729071,-0.09917624,0.6936627,-2.1924858,-1.4767034,-1.415655,9.09689,-5.8069344,-11.17247,-7.0668416,-12.39195,-14.065582,-14.682058,-15.551191,-14.606872,-14.858512
53,-11.003682,-19.39418,-12.880555,-19.35685,0.29007244,0.56897944,-1.1308188,0.6452731,0.8727285,-0.2087296,3.9796405,0.510095,-0.7700814,-2.5743566,-4.9965734,4.4560947,1.7942561,-1.0531937,-2.0757174,-1.9575198,-0.36576173,0.054788403,-0.6807385,-0.17261969,-5.2050986,-12.390056,-12.831962,-11.644984,-15.87355,-15.572504,-15.746566,-15.573385,-19.335855
54,-8.873268,-19.728577,-10.091686,-19.6332,1.045842,6.5179486,-0.2465274,5.943071,0.17741154,-3.5502236,-3.9979038,3.3441098,3.3516366,-4.5666013,-4.4704957,-2.905389,-3.971845,-3.639751,-1.5192329,-5.3915663,0.40446305,-5.0142245,-5.232836,-3.842179,-2.229227,-9.146403,-12.019033,-9.39817,-14.424411,-14.233318,-14.577055,-13.961916,-19.71941
55,-12.837591,-20.61999,-12.749689,-20.506369,-2.0471568,1.6275285,-0.32480502,0.022262033,1.4191592,3.223357,1.2332455,-0.109126836,-1.467381,0.2823293,-4.820775,3.5232444,2.366638,2.491891,-3.3012445,-2.5422568,-0.69422,-0.11504848,-4.6603284,-8.171168,-6.574555,-9.055787,-11.502317,-9.622334,-15.798489,-14.671864,-15.180038,-14.633854,-20.575815
56,-13.642873,-20.371723,-12.91761,-20.301514,-0.09278719,0.54744136,0.6919041,-0.14045142,1.438934,0.3654384,-0.61109537,1.648466,-0.78882325,0.49747473,0.8206177,0.06864254,-0.30448905,0.5333947,-1.5509148,-1.5925034,-0.95031536,-0.8445299,-3.116123,-5.414237,-6.884211,-10.995661,-12.737656,-12.3587265,-15.501311,-16.005651,-15.96574,-16.085646,-20.324266
57,-8.880869,-14.391577,-11.188681,-14.347985,-0.2960976,5.9722395,-0.20201084,0.8907775,3.652276,-3.9414847,-3.6189456,2.1988485,-1.6245779,-5.860719,7.6995792,-4.1964974,-2.179233,-3.40818,-4.134463,-4.9784017,-2.4064806,-2.9063165,-7.374912,-3.9316528,-4.7271957,-10.774345,-11.355015,-10.433512,-14.569551,-14.21525,-15.015649,-14.228581,-14.3805275
58,-10.28557,-17.978151,-10.9853115,-17.916962,-1.7317935,-0.8619835,0.9472822,-1.03237,2.2477176,-2.90211,4.6698613,3.6972897,-1.2378794,-3.6497202,-6.35036,3.3724833,0.88975376,-0.08586833,-5.074082,-5.2540016,-1.4901867,-0.18680492,-4.417638,-4.6250663,-5.5252323,-10.625713,-11.068724,-10.341407,-15.746173,-15.50767,-16.161087,-15.152027,-17.912348
59,-13.529069,-18.494957,-12.489548,-18.497385,-0.016792353,-0.16077466,0.553352,0.11218164,0.91862464,0.37908858,0.5587562,0.20945773,-0.16617192,0.4146351,-0.21548508,0.54704404,0.4438015,0.5008214,-0.5978042,-0.47396454,-1.1625943,0.16788517,-1.9577857,-4.242315,-7.830029,-11.385103,-12.617825,-12.205975,-15.299093,-15.615628,-15.6638775,-15.630742,-18.486452
60,-12.094389,-16.16498,-12.690672,-16.116543,0.83353925,2.1949863,-2.669904,0.6831736,-0.41661575,-1.4860952,5.2982764,1.5364498,-1.1396474,-3.9494288,2.1745956,4.7047873,0.8044568,-2.0757613,-2.0495355,-2.2235224,-0.61852103,-0.16987373,-3.3926067,-1.3018394,-4.5589066,-11.736254,-12.1463585,-11.43778,-15.337855,-14.465789,-15.459043,-15.25419,-16.11269
61,-10.363644,-20.223688,-12.167716,-20.187788,-0.32611203,2.3695323,-2.0029728,1.0776838,2.7170844,-0.46189153,-0.91239375,5.9396634,2.0671136,-2.0739589,-3.3599548,-1.4324088,-1.207093,0.32088917,-1.7337334,-2.8510928,2.338479,-2.355138,-4.0089035,-5.8535156,-5.83004,-12.269485,-12.330395,-12.074774,-15.774565,-16.069616,-14.866675,-14.891695,-20.194183
62,-13.407378,-20.074263,-12.296374,-20.067558,-0.6573002,0.5925499,-3.0749223,-1.118801,2.0968344,0.9025465,3.4462245,0.9547605,-1.9645814,-2.7712166,-1.3389504,3.436449,3.5524502,-0.1940358,-4.7744555,-2.977775,-0.14559259,-0.8445356,-5.771993,-1.2465001,-6.8372927,-13.540915,-11.686154,-12.011927,-15.389606,-15.119562,-15.2172365,-14.820504,-20.05582
63,-10.000027,-19.073296,-10.582405,-19.062424,3.9877512,-1.0117851,-3.3204541,4.577489,-0.7433986,-4.3478603,-1.8315587,1.3621322,5.4044313,-6.1679335,-3.0296872,-2.8777485,-2.0605965,-3.2009318,-0.079404935,-0.65367144,1.6796156,-3.0063984,-3.4349935,-3.2373762,-2.95071,-11.792595,-12.060087,-12.032045,-14.462273,-14.973536,-14.324412,-14.963503,-19.00759
64,-13.576557,-20.587233,-13.866723,-20.545803,2.554264,0.2955737,0.5402142,0.5874759,0.598384,-1.9069428,-2.8230867,1.6506101,0.080244176,-1.6727316,-0.356346,-2.2297943,-1.2223564,-0.6488502,-0.28272593,-1.5667933,1.1910366,-1.7855014,-2.1942914,-2.222304,-6.7596946,-12.664157,-12.200337,-12.613226,-15.097647,-15.290778,-15.537562,-15.700235,-20.510042
65,-13.561755,-20.067999,-13.778873,-20.032797,0.93003887,-0.54396814,-1.2137617,-0.94883865,1.2059417,-1.4146644,-0.5302456,-0.35792935,-1.9598892,-2.74742,1.1021782,-2.204973,1.3334544,-1.3009076,1.0692407,1.7976063,-1.4795736,2.6631556,-0.015179396,-3.9993641,-6.620791,-11.69863,-14.003016,-11.8402405,-15.258681,-15.601164,-16.308544,-16.08977,-19.972336
66,-13.776158,-21.730919,-14.377282,-21.735268,0.94660443,1.7528033,-0.297948,0.78691864,1.5589327,-0.52259755,-0.7423579,1.6617244,0.14656937,-2.2455318,-2.575059,-0.50905454,0.112731345,-0.8812543,-0.98034585,-1.3949605,0.57151765,-1.2710187,-2.6888256,-3.479261,-8.290357,-14.153738,-14.401087,-13.741299,-15.769136,-15.91256,-15.856101,-15.826213,-21.67668
67,-12.93768,-19.716103,-12.265244,-19.69293,2.017265,2.927088,2.3602602,3.191738,2.2148678,-3.751745,-3.5365717,1.6163188,1.6837349,-4.6982107,-1.953852,-3.7650516,-3.3717692,-3.5730343,0.37312883,-2.9483378,0.14453372,-4.8771715,-3.1844912,1.344616,-6.8205256,-13.196305,-13.061881,-13.297847,-14.960003,-15.423018,-15.443525,-14.949852,-19.700653
68,-11.072451,-19.912785,-13.130189,-19.890182,3.3452458,-0.4818269,-3.5911553,5.186149,-0.7867732,-2.599629,-4.016762,2.322752,2.895986,-5.400275,-2.7791057,-3.69781,-0.79968536,-1.7938203,0.17167176,-3.2484372,3.4350164,-4.141422,-6.333955,-1.393736,-8.6981,-13.902158,-14.543222,-13.757069,-14.845383,-15.807294,-16.189032,-15.046819,-19.892794
69,-12.259332,-17.92278,-11.333195,-17.920498,0.5076133,0.9683024,1.1594273,-0.09709278,1.5174427,0.37531924,0.78877556,0.31197774,-1.7071018,0.04377575,1.5687253,-0.16322453,0.11184789,0.09013746,-1.6704293,-1.6460755,-1.2365513,-0.39211947,-2.2595384,-0.73000747,-6.6798973,-12.429899,-12.722757,-12.927439,-15.496162,-15.818679,-15.8219,-15.696634,-17.936146
70,-12.971298,-17.79464,-12.389365,-17.808464,0.7569277,2.3971803,1.7767258,0.37306225,1.5516171,-0.027744845,1.4734969,0.43430677,-1.5838139,-0.27364543,1.7702812,-1.0317965,-0.65382814,-1.9702274,-0.93439865,-2.2623308,-1.3188349,-0.97663784,-0.5692239,-0.21388161,-7.500922,-13.802211,-13.592682,-13.802755,-15.661105,-16.320848,-16.221367,-16.075901,-17.784304
71,-14.133082,-18.994547,-12.854424,-18.992016,-0.23049572,-0.25492328,0.75335073,0.35146856,0.33418474,2.0906816,1.6333798,0.4406504,-0.19250347,0.45262635,-3.0412521,1.873434,2.0145237,-0.08745333,-1.9066904,-1.033967,-0.7189876,0.7365525,-2.5654483,-5.625962,-7.5214524,-11.499141,-11.662777,-11.552954,-15.145862,-15.047604,-14.781334,-14.937437,-18.925016
72,-10.599332,-16.864891,-10.764957,-16.876272,-2.1751068,3.7948477,1.8790159,0.7061004,2.2894785,-3.41071,-1.8321524,0.62308383,-1.2860422,-4.823377,-0.20276737,-3.2466066,-2.3490705,-2.3581967,-1.8105274,-1.3713592,-1.4516684,-1.4138045,-2.3157442,5.6673265,-8.1072445,-13.779829,-9.667007,-14.010342,-13.7523985,-15.183636,-16.062664,-15.153492,-16.887005
73,-15.080658,-21.529697,-15.7664,-21.49254,0.57530737,1.6398555,0.9546306,0.42852518,1.5854443,-0.6642949,0.40024236,0.81758386,-0.8269023,-0.6557364,0.3003365,-0.826972,-0.30408376,-1.0007713,-1.4210196,-2.0447454,-0.8915983,-0.7660884,-2.960809,-5.9772954,-9.404435,-14.751904,-14.4422455,-14.708385,-16.058908,-16.270748,-16.187576,-16.170944,-21.513887
74,-14.621388,-19.845924,-13.619716,-19.82717,1.8771853,0.7588395,0.4008118,-0.3664648,1.8435183,0.22234073,1.8717394,1.0340538,-1.9006087,-0.71142703,0.41823155,-0.40553492,2.6859393,-1.4053266,-2.1197588,-2.3190193,-0.78399366,0.5903979,-2.8047986,-5.6044188,-7.555136,-12.36947,-12.393855,-12.688977,-15.821036,-15.521254,-15.905154,-15.592352,-19.851631
75,-13.873346,-18.2811,-13.629264,-18.293196,0.6747625,0.97300893,1.1352603,0.4525113,1.3086188,-0.31287587,0.6298556,0.14863023,-0.6959223,0.45364907,1.104324,-1.0218116,-0.70805466,-1.0229716,-0.32480347,0.19621104,-1.3552107,-0.17922017,-1.7822806,-1.0145682,-8.073214,-14.107231,-14.062074,-14.18627,-15.496272,-16.075443,-15.752746,-16.045546,-18.283165
76,-12.68334,-17.832663,-13.054355,-17.814686,1.6872488,1.7300925,-2.3442516,0.1172952,1.3926919,-2.8969793,-1.7421925,0.7961126,-0.117541894,-3.9138665,6.0088015,-3.147592,0.07644342,-2.3480046,0.10392578,-1.6755279,-0.25074142,-0.21817608,-4.2367797,-8.45537,-9.830882,-14.775956,-13.336219,-13.799097,-15.438351,-15.505916,-15.912097,-16.465649,-17.821297
77,-12.66113,-19.464825,-13.150707,-19.469439,0.94824815,0.4065783,-1.9449955,0.9100898,1.3849096,-0.8995775,2.8773577,3.0715601,-0.49195018,-2.9146013,-4.1709304,1.7786189,1.0555204,-0.067532115,-1.7025973,-1.4236504,-0.92854536,1.2088902,-1.7608058,-2.5575562,-6.023974,-12.3965435,-13.22489,-12.265349,-15.472446,-15.949076,-15.497921,-15.611444,-19.44873
78,-12.408844,-18.50684,-12.952367,-18.52044,-0.3387763,-0.20948638,-0.88972646,-1.7781757,-0.009923417,1.7831289,-0.6525841,-1.2415723,-2.6338098,4.685103,-1.9855183,0.23081447,-0.97302246,-0.09611073,-0.5538564,-0.19923027,-1.6103286,-1.0314138,-2.7259138,-2.4761255,-9.210198,-13.436145,-11.8747635,-14.215656,-16.075418,-15.789627,-16.33966,-15.912749,-18.494684
79,-14.037135,-20.87988,-14.7366495,-20.826143,1.7173429,0.74767387,-2.773997,0.2864882,1.3420292,0.74034977,2.6786873,0.49255234,-0.41548508,-1.1906649,-1.6243769,1.5416236,2.0699084,-0.6827435,-1.9570665,-1.8360156,-0.27439618,0.3734797,-1.1070896,-3.9198575,-8.709184,-14.691248,-12.887472,-13.645075,-15.247054,-15.485611,-15.461703,-15.4564085,-20.867556
80,-12.770377,-17.75686,-12.435306,-17.7745,0.25325346,0.028262224,-0.17239234,0.2523811,1.0067194,0.46201742,-0.22626874,0.8744318,0.14368819,0.3869987,0.6547177,0.37357768,0.034378625,0.59104997,-0.69475335,-0.7304569,-0.760074,-0.27464917,-2.3879786,-2.470684,-7.954199,-12.209059,-13.38002,-12.770954,-15.422317,-15.628283,-15.53241,-15.727938,-17.744667
81,-13.463919,-18.89266,-12.001784,-18.877884,-1.8053421,1.631594,6.887326,-0.24225682,2.1747277,1.0723844,2.181204,-0.8639797,-2.9036295,1.4264795,-3.0186408,-1.5167396,-0.8249144,0.74803644,-2.754121,-2.3713078,-2.207521,-0.81209886,-0.73970056,-3.5449984,-5.1920667,-10.977287,-10.867398,-12.384222,-15.733942,-14.911513,-16.03406,-14.991944,-18.891563
82,-7.136555,-10.596485,-9.712484,-10.574792,-1.0442716,-2.8543453,-0.60343754,-3.074323,-0.39155537,-2.650055,8.560185,-1.22081,-1.5498586,-3.9376194,-0.8060654,2.2167652,-0.024001857,-1.3832773,-3.3775275,-2.2960758,-1.1082366,0.7953479,-1.0598927,-1.2526915,-5.495214,-11.820055,-11.147128,-11.144195,-15.44628,-14.788798,-14.738021,-14.792933,-10.593927
83,-13.211415,-19.354689,-12.614809,-19.325113,-0.5788394,1.356024,-0.20072685,-0.76135975,4.0852575,-2.4610906,-1.5615997,2.6743844,-0.33919308,-2.8717072,3.4099047,-1.7284821,-1.0757815,0.34320137,-1.2606567,-0.7013189,-1.8408546,-0.8087337,-5.213022,-4.4881067,-5.1624055,-9.618273,-11.2062435,-10.374298,-14.851982,-15.229235,-15.929414,-15.5640135,-19.243492
84,-14.047816,-20.611282,-13.649415,-20.5937,1.0765989,1.8392926,-0.3070405,0.21536957,1.4391019,1.4236726,2.3183632,1.0721142,-1.4736834,-0.040951405,1.3531544,2.4960723,1.8663304,-0.36352715,-2.6023045,-2.493668,-0.5882032,-0.48342308,-3.0344043,-1.3694931,-6.8826075,-12.247167,-12.284731,-11.568914,-15.191715,-15.157908,-15.4050455,-15.360839,-20.536936
85,-13.483,-20.98834,-12.341123,-20.98171,1.5507828,0.24499236,-0.61642396,1.2703689,0.48777372,0.5575548,0.52345073,1.2575873,0.7313957,-0.71992105,-2.1478744,0.3704516,1.1308974,-0.9118708,-1.0127162,-1.4344072,-0.070897736,0.22169292,-2.661219,-4.519757,-7.3394427,-11.277794,-12.742577,-11.839703,-15.073422,-15.699359,-14.867929,-15.820284,-20.931314
86,-13.863681,-21.31651,-13.44637,-21.27603,-0.37265682,2.1982918,0.8157329,0.033614296,3.5302591,-3.6539586,-3.1596813,2.505057,-1.1609753,-2.85809,4.0735517,-4.222248,-1.3706099,0.08664981,-2.4110298,-2.6631014,-1.4859071,-1.4366312,-6.771423,-1.5426501,-7.6024995,-14.04695,-11.632219,-12.978804,-14.902436,-15.345885,-15.82487,-15.2162,-21.25386
87,-12.287448,-17.936634,-12.875724,-17.96405,-0.26711258,-0.18327047,-1.3939945,-1.6330844,-0.35777697,1.5483855,-1.1801859,-1.3391488,-2.3409605,4.043706,-1.6344404,-0.58860785,-0.97226274,-0.48061115,-0.02763636,0.63184685,-1.408002,-1.0251534,-1.7893627,-2.3985586,-9.05015,-13.243815,-12.513031,-13.7944145,-15.980942,-15.77552,-16.321926,-16.130848,-17.93601
88,-10.759388,-19.126793,-11.515352,-19.042084,0.44373855,3.0781453,-0.099149875,-1.2482617,2.4084578,-2.4262483,-0.53841317,0.055464394,-2.750797,-1.8374604,4.917021,-2.5435977,0.11763912,0.055019002,0.5387307,-0.7208096,-3.156979,0.7588751,-3.7112653,-8.102176,-4.7220464,-8.96119,-9.892684,-10.473064,-15.518635,-15.233412,-16.087648,-15.928968,-19.094006
89,-13.159438,-19.696074,-13.977188,-19.703552,1.3822546,1.0983337,-1.5025251,1.1791836,2.0573943,-1.3135536,-1.1417885,3.32362,0.58332866,-0.8338711,-0.93253094,-2.4594572,0.07272091,-1.0181488,-0.1067047,-1.6233999,1.7129172,-0.5730661,-1.956913,-6.199692,-8.232693,-13.529771,-13.849292,-13.243687,-15.908243,-16.191624,-15.753999,-15.542402,-19.684841
90,-12.954347,-21.94754,-13.81752,-21.921488,-1.1185026,2.7672882,0.41654998,0.72055554,2.1054926,1.1534239,0.13585663,1.2687701,-0.34924856,-0.649126,-4.7639413,-0.5193591,0.8203797,-0.6809927,-1.8935728,-2.211394,0.2324394,-0.6651728,-4.574658,0.1106537,-9.383965,-14.2771845,-13.740508,-13.480606,-15.211522,-16.11543,-15.395094,-16.326805,-21.869331
91,-12.765037,-17.470303,-11.482428,-17.39963,-1.218207,0.5504588,-0.38695392,-0.79636467,0.000952702,6.4288707,-1.8984771,-0.14588577,-2.0647202,5.8294225,-4.6180696,0.1396769,1.5069333,1.4747437,-3.9192882,-2.0981903,-2.0669663,-0.4170607,-5.256557,-3.2322984,-5.211413,-9.121289,-11.88192,-9.5715685,-14.890801,-14.28782,-15.345653,-14.372704,-17.423096
92,-12.075612,-17.72117,-12.056073,-17.73119,0.34522888,1.2857573,0.5723344,0.5705204,1.6492131,1.1118021,-0.27207088,1.0502399,-0.50449795,0.86544436,1.070405,0.9577997,0.18110088,0.41960567,-1.421512,-2.833849,-1.2377771,-1.432182,-3.3338306,-2.6260097,-6.953513,-11.618025,-13.5461,-12.273207,-15.514738,-15.830058,-15.408253,-15.585633,-17.722593
93,-12.495246,-20.50074,-11.64491,-20.444141,1.1432444,1.5927982,0.5390241,-0.7837435,2.2871888,0.17443222,2.4781747,0.60089856,-2.3963199,0.45809716,-0.79099137,0.075885504,0.9920785,0.3161569,-1.420685,-2.0078683,-0.96522814,0.07136083,-1.8734963,-5.6003156,-6.899556,-11.958452,-12.3223505,-12.564444,-15.974678,-15.867033,-16.203606,-16.10271,-20.44218
94,-10.88513,-19.97733,-10.15066,-19.944878,-0.82870084,1.2058,-0.26734135,0.036969148,5.0368404,-2.2207856,-1.5309286,5.5286717,0.0042342525,-2.9131157,-4.2227974,-1.4939189,-1.3478063,0.571664,-2.8239388,-3.353245,0.06974423,-2.4471958,-5.4816103,-5.8771925,-6.0312085,-10.585942,-11.585044,-11.24991,-14.996882,-15.693525,-15.375077,-15.2860365,-19.92476
95,-10.075518,-18.940878,-11.878356,-18.72245,-2.799003,5.5376525,2.8955226,1.3952396,2.8281522,-0.05418387,-0.12496728,1.9219311,0.67832935,-1.3243561,-4.579294,-0.65027726,-1.4358611,-0.57931346,-4.4101,-4.706117,-0.8189974,-3.433332,-6.0222435,-4.6608152,-6.592093,-8.488544,-11.394171,-8.506111,-15.517141,-15.750376,-15.525549,-15.205929,-18.89188
96,-14.176161,-18.603376,-13.939275,-18.609507,0.54832995,0.13108064,-0.80247456,1.8193078,0.77190804,-0.35714573,1.2026592,1.0350741,1.1923765,-1.3594537,0.26560342,0.49680668,0.117571846,-0.7018458,-0.50076646,-0.4574834,-0.71848124,0.045337148,-1.2630545,-4.2981215,-8.156203,-12.895683,-14.284466,-13.292094,-15.493901,-15.689234,-15.611116,-15.945525,-18.578497
97,-13.997596,-20.699158,-13.15094,-20.656427,0.59213567,2.000031,2.1161263,-0.54403806,1.1366491,3.7581282,1.1553583,-0.3139223,-2.9808183,1.7878588,-1.4693091,0.20685905,1.6704214,-1.1122468,-2.3910322,-2.5333006,-1.2037299,-0.61907023,0.020797253,-5.995621,-8.675877,-12.878933,-12.071854,-12.882634,-16.36197,-16.014853,-16.169132,-15.783927,-20.664007
98,-11.632726,-17.058317,-11.678337,-16.99719,0.74820715,0.8040064,-3.5102744,-1.0966064,1.2530881,-3.0669792,2.031381,0.321012,-1.4292392,-5.062784,6.1220617,-0.35512036,2.2424123,-2.269739,-3.396357,-3.7635686,-1.8912228,0.2990722,-4.672393,-5.9292183,-7.669967,-14.1309805,-13.069643,-11.775316,-15.169375,-15.013319,-15.654985,-15.855176,-16.933521
99,-13.709221,-19.820103,-12.905446,-19.820877,0.9826749,1.6768644,1.1019123,0.2608278,0.97618663,1.2254741,2.0433726,0.7527947,-1.1175511,0.44022074,-2.0219865,0.10812913,1.9480596,0.19252303,-1.4654524,-2.3508387,-1.0734947,0.31083524,-3.2175705,-6.215844,-6.3341417,-10.840717,-11.985677,-11.45994,-15.357254,-15.019829,-14.828117,-15.123077,-19.800327
100,-13.65697,-20.331469,-13.4531765,-20.281166,-1.2491556,-0.3509496,1.6386869,-1.6081337,3.1723225,0.34182918,-0.49548835,1.503095,-1.5233413,2.5748544,-4.5836005,-0.8597891,-0.57817656,3.016853,-1.6858541,-1.004096,-1.927012,-0.015434122,0.08884926,-3.235097,-8.046959,-10.980843,-11.687828,-12.840228,-15.290502,-15.936623,-16.021366,-16.038227,-20.28377
101,-13.348779,-18.231062,-12.937606,-18.218838,0.32145625,0.3923337,0.72042394,0.5056968,1.2619207,1.4860572,-0.3669334,0.91894233,0.024844749,1.368001,0.73111427,0.5112278,0.09017081,0.4928618,-1.0388954,-1.5074735,-0.845854,-0.29396877,-3.1448457,-5.294033,-8.604215,-12.015516,-13.516777,-12.738855,-15.365089,-15.529285,-15.397561,-15.597415,-18.233723
102,-10.890309,-15.09024,-12.599679,-15.0732155,7.354054,-0.8157919,-3.9192824,1.1771424,-2.5477266,-3.811532,-2.6303859,-1.5438155,1.9845376,-5.363624,1.5259726,-3.6508024,2.8616288,-4.9108524,-0.92883956,-2.5463428,2.5190423,-0.7755144,-1.6375849,-2.5480945,-6.5216875,-16.434036,-13.654395,-13.064383,-14.954832,-15.056326,-14.723057,-14.987667,-15.0765
103,-13.029815,-18.639946,-13.255096,-18.601704,0.11068166,0.8193955,0.093747236,0.99794745,1.6087129,-0.7998592,0.07263884,1.6710483,0.2813176,-1.4842546,1.1523092,-0.27287337,0.095579416,0.19321308,0.14876865,-0.86754245,-1.0104682,-0.55915725,-1.6363249,-5.365393,-7.4616632,-12.65416,-13.756829,-13.064876,-15.704354,-15.859686,-15.791663,-15.9265375,-18.660824
104,-13.590188,-19.43463,-13.454637,-19.432543,1.3996859,1.3153639,0.9873032,0.8599981,2.1061351,-1.7507795,0.26000988,0.5267948,-0.14537005,-1.7896434,1.572834,-1.8512379,0.5338541,-0.80946857,-0.037712477,-0.26353127,-0.7095605,0.76691824,-2.5654259,-4.8175545,-7.327314,-13.491937,-13.747212,-13.796368,-15.875763,-15.752048,-15.88964,-15.841232,-19.44728
105,-14.072048,-22.829021,-14.690417,-22.753626,1.2973167,1.0847708,-2.8331418,1.6817305,0.04727891,0.04603864,-1.9579636,-0.11581685,0.28412014,-0.5527037,-3.415774,-1.5014613,-0.34105948,-1.6104342,1.0360483,1.8518336,-0.4336405,1.0229893,-2.4072082,-4.026185,-9.094617,-13.819141,-14.416451,-13.687399,-15.083919,-15.709498,-15.561216,-16.250862,-22.824179
106,-12.48691,-18.671776,-11.123278,-18.608147,-0.17515264,0.124573365,1.3657007,0.28571737,1.473581,0.007340749,0.6876205,0.6945629,-0.28835806,0.0017626612,-0.3018088,0.7848768,0.06232758,1.0880092,-0.80420256,-0.72250944,-1.3104113,-0.08871337,-1.8588996,-4.786254,-5.8569465,-9.687021,-11.715731,-11.231586,-15.336396,-15.45314,-15.480013,-15.439053,-18.625746
107,-12.446468,-19.284315,-12.932542,-19.287539,3.1640902,-0.2102422,-2.2220793,0.79459625,1.3631577,-2.4022396,-0.66788954,-0.05910503,-0.2982736,-2.545443,2.0131242,-3.8965356,0.40349385,-1.1307667,2.4922392,1.739223,-0.7401629,2.1379476,-1.104688,-5.065923,-6.3468456,-13.701535,-14.026713,-13.6522045,-15.770124,-15.800418,-16.17947,-16.052698,-19.245832
108,-12.759145,-19.350857,-13.712122,-19.298935,2.8001149,-0.11236209,-2.2123613,2.1372402,-0.92379695,-0.6031734,2.0021844,-0.00042790733,1.1563575,-3.178895,-4.050885,0.6230465,0.1821357,-2.1827066,1.7765507,0.33453596,0.5362299,0.3824057,0.10152632,-3.972668,-7.9669733,-14.673791,-14.445343,-13.733595,-15.23643,-15.906071,-15.381162,-15.753478,-19.312357
109,-12.126081,-17.391241,-12.059937,-17.375275,0.65710557,0.7906597,0.9990756,0.15752684,0.9937513,0.49834085,0.46848392,0.40778947,-1.0387126,0.20330754,0.8955583,-0.7356295,0.20033355,-0.640292,-0.7733301,-1.1277835,-0.83434474,-0.2070978,-0.89060897,-2.282173,-6.861314,-12.58482,-12.92905,-13.243145,-15.531898,-15.84627,-15.567681,-15.806874,-17.430803
110,-13.522061,-19.463438,-13.773229,-19.44976,1.9435099,1.4070498,-0.35072646,2.5326843,0.21966398,0.2841133,1.2224709,1.4317068,0.7633403,-1.9819916,-2.4386394,-0.4639702,1.7632452,-2.559308,-2.0527241,-2.78039,-0.009001628,-0.6757403,-2.9656107,-6.9878664,-7.467131,-13.556104,-13.276155,-12.855631,-15.433278,-15.195269,-15.334628,-15.686914,-19.458124
111,-14.200153,-18.096592,-14.088688,-18.093943,-0.40112713,0.7719836,0.27467883,0.22511622,1.1003458,1.0446825,0.6462012,0.6262758,-0.97700816,0.23620826,1.7782427,0.77938664,0.32529238,-0.11427919,-1.6305125,-1.2159073,-1.2512723,-0.22768106,-2.8745146,-3.1803312,-7.5311036,-12.470604,-13.249658,-12.700511,-15.320371,-15.562908,-15.450377,-15.447599,-18.092623
112,-13.681551,-18.568748,-13.787318,-18.571589,0.036009915,0.57427156,0.4075067,0.16054346,1.8778123,0.53752613,-0.1542719,1.8625664,-0.436542,0.58076215,1.4447517,0.2658275,0.15311566,0.32562405,-0.99818456,-1.5408641,-1.1598513,-0.35372418,-3.2152328,-5.2812552,-8.587151,-12.534403,-13.693139,-13.132651,-15.666232,-15.813905,-15.59907,-15.885719,-18.558449
113,-11.413923,-17.766245,-9.705729,-17.72028,-2.9714239,-0.20042531,2.7520332,-2.8403502,6.238236,-3.6433988,-1.6614099,3.098622,-3.4961655,1.332212,-4.795656,-2.1719368,-2.3412209,8.87767,-4.7131767,-4.055569,-2.8472478,0.03644664,-3.9914937,1.2320143,-2.638352,-7.2040114,-8.164045,-10.478768,-13.855774,-14.883379,-14.833028,-14.22174,-17.749706
114,-13.765681,-19.019226,-13.817934,-19.028328,0.06508191,0.8445944,-0.18338017,0.56915945,1.7107694,0.63797694,-0.11960432,1.6985877,-0.21469662,-0.2768453,0.9839037,0.6378795,0.3515877,0.30614725,-0.6967212,-1.5537719,-0.9808269,-0.49909228,-3.038102,-4.845656,-8.6884985,-12.965111,-13.919026,-13.174484,-15.58054,-15.81372,-15.614552,-15.763432,-19.025206
115,-13.925388,-21.710499,-13.760722,-21.758093,-1.8290124,1.1916257,1.6551347,-0.7075885,1.5473495,1.461326,2.0863283,1.3507795,-2.5786364,-0.14826953,-2.1999445,2.8903692,1.6884345,0.36878774,-3.1358492,-2.5098796,-1.0118243,-0.024053708,-4.930132,-1.3442365,-8.373524,-13.309924,-11.356811,-13.4080715,-15.450465,-15.625875,-15.668233,-15.08853,-21.61842
116,-13.585462,-18.75178,-12.176134,-18.717016,2.6926951,0.4044527,-2.014762,-0.563759,0.2543547,2.1037073,0.104777776,-1.2872243,-1.6878221,1.3424395,-0.35831115,-1.6943519,2.7450395,0.6471908,-0.88969517,-1.1552293,0.3770108,0.74147904,-2.7632446,-6.884375,-6.197569,-9.615225,-11.6519985,-10.811823,-15.098244,-15.627566,-14.802931,-15.585167,-18.696848
117,-8.384482,-15.512896,-9.002902,-15.447948,0.13955867,-1.8673987,-1.4013541,-1.93716,-0.3973928,-2.1372356,6.18891,-0.29077062,-2.0179493,-2.7575896,-2.9102604,4.1686935,1.9473668,0.3414139,-1.1463611,-0.0049119005,-1.7726461,4.249371,0.53002274,-0.81005746,-3.940072,-10.390251,-10.613901,-9.89034,-16.238281,-15.152868,-15.651022,-15.157308,-15.502155
118,-12.702441,-19.633738,-14.08579,-19.602337,1.6189702,0.3468251,-0.58882385,0.64946747,1.3420911,0.90102774,0.4314687,1.9611479,-0.23982263,-1.9523274,-5.655281,0.7924509,0.7765905,-0.08902085,-0.43510127,-0.8946244,-0.64114416,-0.027693177,-2.951699,0.042791188,-7.81544,-12.059563,-13.266442,-12.34216,-15.267289,-15.975169,-15.752103,-15.747085,-19.650867
119,-13.316328,-19.172174,-12.953031,-19.174427,-0.6994716,0.86543614,1.2014126,-0.63053614,3.08606,-1.1776882,0.008186912,2.2203672,-1.4038913,-0.45713276,0.72577155,-0.69147474,0.69927883,1.3958108,-2.542767,-1.9830204,-1.2708051,0.21523225,-4.3546185,-1.158016,-7.347481,-12.260472,-12.49135,-13.062376,-15.765587,-15.972136,-16.119164,-16.072216,-19.11245
120,-11.054659,-18.49693,-11.986782,-18.534046,2.890159,1.770706,-1.12742,2.0687969,0.26475823,-1.4628345,-1.359685,1.267567,1.2732852,-1.9779078,-3.5713863,0.60222447,1.0444136,-2.2159328,-0.90276426,-3.4155707,1.3651804,-2.1059327,-4.5963073,0.9736799,-5.203507,-11.021827,-12.285801,-11.062706,-14.50009,-15.671052,-14.968339,-15.613147,-18.464653
121,-13.712591,-20.372576,-13.709572,-20.338217,-0.34442195,0.18744017,-0.920379,0.35909075,-0.56225127,-1.208214,6.194369,0.46574324,-0.35027385,-3.7218003,-2.388434,3.2651722,1.6190883,-1.352142,-2.5774221,-1.6787043,-1.0843635,-0.16196428,-1.6169115,-0.5943426,-7.8971047,-16.25806,-12.963522,-13.674948,-15.082345,-15.292138,-15.5651655,-15.087051,-20.27783
122,-13.055781,-17.127005,-12.845938,-17.145428,1.0207195,-0.09041311,-0.22549973,0.48876882,0.6131336,0.35177484,0.32374159,0.09022374,0.5891827,-0.059151698,0.13109201,0.6537117,-0.0030993274,-0.0058385218,0.24997334,-0.5695002,-0.8904416,-0.9957717,-0.3417717,-2.5779157,-7.838901,-13.558418,-14.505233,-13.704481,-15.496669,-16.021196,-15.919305,-15.988151,-17.14629
123,-12.252476,-14.469958,-14.478123,-14.477717,-1.3785406,-1.7598464,-2.5073106,-1.1481942,0.76419854,0.63357997,3.0827427,0.12628879,-2.4657552,-2.7323089,-7.1315618,1.9397378,2.7890918,0.20120904,-1.7863315,2.9521167,-3.0787935,3.0161283,-2.600613,-3.2956054,-9.402884,-11.946873,-12.768887,-9.972455,-14.838566,-14.246935,-14.617084,-14.867841,-14.360732
124,-13.617892,-20.884117,-11.79925,-20.847576,1.8141987,-0.35845795,-1.1558623,0.26219374,1.3365337,-1.3692244,-0.33324397,-0.21823718,-0.71442294,-1.7812312,1.1306721,-2.3292847,1.1213179,-0.5852876,0.7988851,0.4439203,-0.8367476,0.83864343,-1.3457959,-5.6774535,-6.392116,-11.720701,-12.124671,-12.143572,-15.406271,-16.082634,-16.307035,-16.372396,-20.823418
125,-11.790318,-19.777906,-12.247818,-19.70923,1.5230479,3.480446,-0.5242514,4.095566,1.1592546,-4.4499383,-1.8357728,0.87945986,2.6930344,-4.688106,-1.8901151,-4.065027,-2.3417435,-3.9239633,0.02970949,-0.04216466,1.063558,3.0962079,-1.8048882,-3.1760101,-5.684094,-14.297999,-12.975794,-13.479037,-15.236073,-15.428107,-15.702896,-15.485918,-19.769974
126,-12.252476,-14.469958,-14.478123,-14.477717,-1.3785406,-1.7598464,-2.5073106,-1.1481942,0.76419854,0.63357997,3.0827427,0.12628879,-2.4657552,-2.7323089,-7.1315618,1.9397378,2.7890918,0.20120904,-1.7863315,2.9521167,-3.0787935,3.0161283,-2.600613,-3.2956054,-9.402884,-11.946873,-12.768887,-9.972455,-14.838566,-14.246935,-14.617084,-14.867841,-14.360732
127,-15.536766,-21.262173,-14.104525,-21.21982,1.4294266,1.2637659,0.18637885,-1.4585396,1.4414335,1.51397,1.1276715,0.370609,-2.7620723,0.121642664,1.2672527,1.8143708,1.8396748,0.011435694,-3.1172752,-2.2840261,-0.9725334,-0.036161195,-3.1501787,-5.9752836,-8.822706,-11.779081,-12.527566,-11.364855,-14.741464,-15.869577,-14.977356,-15.184394,-21.224504
128,-11.903053,-18.674107,-11.470887,-18.697445,0.71684104,1.8470109,-1.8212475,2.8046587,0.21651904,1.2356302,3.0344715,1.7266649,0.6744817,-3.2507555,-7.6376796,1.530426,2.1077628,-1.6548065,-1.9451483,-2.5707865,0.3889178,-0.33877018,-3.2509773,-5.1618447,-6.980962,-11.528977,-12.60145,-10.13329,-15.254171,-14.947387,-15.054339,-15.228108,-18.612604
129,-9.558073,-21.062168,-10.990904,-21.08174,-2.3931544,6.7362256,0.18959671,2.7874064,4.013549,-1.6489459,-3.1677856,2.6714668,-0.5388148,-0.49874818,-3.6759398,-2.6039221,-3.5305815,-1.6224372,-3.7486162,-3.8677456,-2.1705825,-3.5605206,-5.3394337,-1.1501632,-5.465795,-12.083332,-12.145332,-11.475673,-14.575464,-15.315802,-14.828061,-15.444118,-21.024998
0,-9.201163,-15.523454,-9.419914,-15.534493,1.6657059,2.7388499,-3.8161988,7.0964627,-0.7524862,-2.8910632,-4.3232694,1.0450993,2.9286268,-3.4250367,-5.457632,-3.516459,-4.265012,-4.8818502,-0.33852172,-2.8909214,0.94417286,-4.5639706,-5.0505257,-5.0119805,-6.426543,-11.018174,-12.654881,-10.724022,-14.452041,-13.955696,-13.800156,-15.3204975,-15.510632
1,-10.8942375,-22.644066,-11.784658,-22.591568,0.88014066,2.0832536,-1.1179626,1.8615289,3.228461,-2.1758444,-4.467264,3.332261,1.7224219,-1.94454,-9.598227,-4.3751607,-2.198603,0.22164719,-0.03974682,-1.5234511,2.0231762,-2.2337694,-4.07623,-4.9969897,-4.7735806,-9.830901,-13.012677,-10.660519,-15.261915,-15.996309,-15.593369,-15.58794,-22.569717
2,-8.953003,-19.531246,-9.434645,-19.485817,-1.3068963,1.5284357,-1.8137345,0.3753598,4.4918237,-2.4273865,-1.23508,5.9814234,-0.5248235,-4.380863,-5.0498877,-0.69575775,-2.1683927,1.1617572,-2.4327736,-2.147205,0.07406972,-2.2398777,-5.0016775,0.8790924,-6.1298447,-11.347922,-11.450619,-11.453247,-14.470248,-14.79102,-15.349855,-14.714911,-19.39368
3,-6.167449,-13.127562,-6.8651514,-13.038458,-3.3166368,2.3613324,9.971892,-3.0888438,6.8864083,-1.553853,-0.45338446,-1.2053254,-4.8595448,-1.7986226,-2.5597494,-2.627988,-2.9126604,-1.8556314,-4.3519244,-4.426717,-4.094975,-3.1545033,-2.9568067,-0.58125544,0.19532414,-6.5625315,-6.2097836,-8.438879,-15.201437,-14.4383135,-14.507818,-15.306234,-13.094482
4,-12.019396,-19.00443,-12.247683,-18.991175,0.24154255,0.88517493,-0.49963397,-0.21145171,1.6495588,0.82591933,1.2686177,0.4062105,-1.6076639,0.1304797,1.6401742,-0.610288,2.8913524,1.4628987,-2.385894,-2.8163865,-1.2325287,0.4544046,-3.9826548,-4.8570604,-6.6027365,-10.458525,-11.445221,-10.690484,-15.567625,-15.153561,-15.378924,-15.100723,-19.043201
5,-12.287448,-17.936642,-12.875729,-17.964054,-0.26711246,-0.18327042,-1.3939948,-1.6330856,-0.357777,1.5483859,-1.1801866,-1.3391495,-2.3409603,4.0437064,-1.634439,-0.5886077,-0.9722628,-0.48061085,-0.027636275,0.63184667,-1.4080026,-1.0251536,-1.7893617,-2.3985581,-9.050143,-13.243814,-12.513028,-13.794411,-15.980943,-15.77552,-16.321924,-16.130848,-17.936012
6,-13.551616,-18.779152,-11.56545,-18.801264,2.0141573,0.92161685,-2.3326626,2.2074673,1.5343304,3.4504256,-0.1580672,1.5596054,0.6003472,0.8310832,-5.5213165,-1.3048388,1.4718173,-1.1263806,-1.2885009,-1.9987683,0.51620483,-0.15661108,-1.2064464,-5.020054,-6.557251,-10.562382,-12.268584,-10.682599,-15.1122055,-15.234009,-15.098181,-15.473835,-18.740788
7,-16.163754,-20.74828,-15.573403,-20.635832,-1.0227448,1.1174133,0.48643714,-0.7375472,3.4677937,-2.3207245,-1.3523284,2.5701365,-1.4056003,-2.2039478,0.5693334,-2.0419564,-1.6868631,0.46831053,-0.15580262,-0.4610352,-1.4679506,-0.38706583,-2.4973166,-5.4981856,-10.042727,-13.640124,-13.005298,-13.653475,-15.506028,-15.96867,-16.74932,-15.87248,-20.674337
8,-10.582235,-19.32375,-12.748733,-19.244513,0.5695594,0.16861358,-0.98426086,-1.0085881,2.1350205,-5.394711,2.2538733,2.3971248,-0.5851583,-4.9038467,0.4090891,1.639332,0.24273348,0.8392953,-2.471146,-1.4089075,-0.49390924,1.1224964,-4.803604,-1.2886083,-8.790498,-13.537353,-12.742808,-12.77583,-15.773222,-15.569236,-16.960648,-14.744115,-19.265892
9,-11.732939,-22.424263,-11.381645,-22.421345,-0.85844374,0.8417368,-0.73193896,0.2598121,1.7196403,1.5586963,1.7122312,1.0145016,-1.6159527,-0.4262879,-4.1543136,2.0469043,3.4086924,0.04956819,-3.3356552,-3.5044777,-1.358904,1.3106171,-3.9941847,-0.677526,-5.6262484,-10.334683,-11.3372135,-10.099213,-15.663212,-15.475273,-15.786445,-15.283974,-22.36504
10,-12.606295,-19.05491,-12.699482,-19.08282,0.3408465,0.30950558,-1.595056,1.1689767,1.403878,1.8884542,1.2246594,1.2699219,-0.2800039,-0.0975876,-3.811308,-0.82793707,1.5707407,-0.3140659,-0.29971567,-0.8020716,-0.3906641,0.7385152,-1.6365753,-4.9391503,-6.5570755,-11.289857,-13.095033,-11.3974695,-15.678352,-15.587407,-15.421648,-15.601226,-18.988228
11,-14.072788,-18.852568,-12.872229,-18.829414,1.9627528,1.1978331,-2.401875,2.6841516,0.76610154,1.7952232,-0.25764424,0.31121892,0.7581649,-1.193422,0.8281965,-0.6882831,0.7088784,-1.4239178,-0.7101383,-0.9935943,-0.25006467,-0.9359648,-1.4242418,-3.896814,-7.586479,-12.196747,-13.116717,-11.946604,-15.123091,-15.628264,-15.292896,-15.941599,-18.836933
12,-12.348239,-16.74843,-12.65411,-16.794144,-0.73975515,0.6999392,5.196638,-2.0815752,0.6060598,0.7172949,0.8758846,-1.5773165,-3.4706962,1.584259,-1.8057218,-0.77590454,0.53458154,1.6565561,-1.4990578,-1.8692825,-1.623482,0.03030882,-2.1616914,-3.4608552,-4.778847,-10.142218,-10.854044,-11.52065,-16.400595,-15.33245,-15.442906,-15.634782,-16.715914
13,-13.245167,-21.631948,-14.910398,-21.602537,0.6343057,1.0716541,-0.6634983,1.707377,0.4804485,-2.5819843,1.2499353,1.0111115,-0.6523095,-3.6531932,-3.3620214,0.2894139,-0.5637148,-1.7801698,-0.851688,-0.8235645,-0.679377,0.39404187,-2.7705326,1.1938013,-10.261123,-16.026531,-13.806908,-15.345364,-15.45896,-15.854797,-16.044178,-15.975758,-21.594048
14,-11.7901945,-19.56646,-11.42168,-19.514713,2.933267,-0.7763312,-3.8386846,1.7334666,-0.70192605,-2.7565696,2.8798592,0.08266175,1.4680917,-5.9554048,-4.9606338,2.8949633,1.3873607,0.60992515,-0.7164259,-1.1431607,1.8295804,2.0012295,-3.175787,0.36707532,-6.637198,-13.014143,-14.321134,-12.668654,-15.257556,-15.700075,-16.349277,-15.659926,-19.549896
15,-13.316964,-18.879866,-11.857344,-18.873053,-1.8761052,1.5351446,7.1034727,-0.20085458,2.258789,-0.07725522,2.0984762,-0.9549129,-2.909076,0.59215975,-3.190202,-1.739972,-1.1895871,0.76545644,-2.095509,-1.6789718,-2.1617813,-0.5332362,-0.7195334,-3.0143428,-5.0031476,-10.817659,-10.559065,-12.393183,-15.86119,-14.936512,-16.151543,-15.134254,-18.880825
16,-14.190715,-18.74333,-14.106675,-18.644382,0.60760915,4.8917394,-0.14422959,1.1424992,2.8879318,0.34797186,-2.2047107,2.1515048,-0.75355154,1.0308602,2.879837,-2.342831,-1.3887075,-1.3963077,-2.016415,-3.2360811,-1.9700861,-1.3916975,-4.2394066,-8.548996,-5.395302,-9.412857,-10.40454,-10.9746,-15.360873,-14.275393,-14.988873,-14.732599,-18.708902
17,-14.191528,-18.887709,-14.01141,-18.873543,0.30425388,-0.15266249,0.98012894,0.25349838,1.4131321,-0.9767151,2.6933095,0.8678615,-0.19979808,-1.4861827,0.39779994,1.6453118,-0.124714985,0.13490045,-0.4424454,-0.6271944,-1.530674,0.48559237,-0.83115685,-3.987492,-7.886953,-13.462631,-13.765838,-13.764129,-16.015451,-16.115881,-16.235607,-16.148674,-18.88252
18,-13.430241,-19.33257,-12.145917,-19.317099,-1.8471327,1.5308788,6.8170357,-0.38309804,2.239048,0.51934355,2.3027768,-0.9234364,-2.818436,1.1320151,-3.570373,-1.5527096,-0.95875525,1.0009743,-2.4462457,-1.8875802,-1.9761904,-0.3725903,-0.9336091,-3.3096952,-5.382925,-11.025522,-10.870174,-12.538981,-15.7450905,-15.054216,-16.135506,-15.1133995,-19.328526
19,-13.701973,-19.846352,-12.815968,-19.836304,0.038669627,1.9909754,0.09756687,0.22983369,1.8926442,1.5918453,1.0365034,0.69767255,-1.6911871,1.1255774,2.3264658,0.23401058,1.0536761,-0.18524775,-2.421996,-2.0972183,-1.4682256,-0.28787646,-2.7713904,-6.934245,-6.8214393,-11.195211,-12.507691,-11.876017,-15.443848,-15.351772,-15.15965,-15.52207,-19.803684
20,-12.134186,-20.950966,-12.009437,-20.889877,-0.19087714,0.90597975,-0.75306267,0.52152395,1.6779763,-0.8713851,-0.5333193,1.9475055,-0.5389916,-1.2051601,0.10961288,0.2796257,-0.30792454,-0.048581988,-1.6597486,-1.3039412,-0.639374,-0.68459076,-2.5229816,-4.904919,-5.657658,-9.566153,-12.852648,-10.781275,-15.776118,-15.425819,-15.615008,-15.296444,-20.890734
21,-9.897645,-19.063837,-10.025481,-19.00245,-1.4157463,1.7904484,1.0266275,-1.2970986,7.5156436,-2.3020518,-1.7639245,1.5964267,-2.003506,-2.9607992,-2.1641288,-2.959711,-2.4908361,0.1666207,-2.1083524,-2.7592688,-2.3316953,-2.3160934,-3.8308616,-0.098798275,-5.183913,-11.18857,-9.802416,-10.546489,-14.319348,-14.221187,-14.595403,-14.384607,-19.001135
22,-13.040413,-17.578266,-13.151968,-17.558046,0.046354786,0.3807823,0.8244995,0.2524287,1.6976132,0.6126603,-0.741982,1.1639143,-0.38335636,0.46207464,1.7823391,-0.4312998,0.16846704,0.45835638,0.00071664155,-0.84541154,-1.6776929,-0.09721906,-1.9409137,-4.566415,-7.5916395,-12.073784,-13.021624,-12.827702,-15.736775,-15.753761,-15.690323,-15.895109,-17.596468
23,-13.06265,-20.236795,-12.976898,-20.217873,0.33474314,0.34691554,-1.1462722,0.1293838,0.6217271,-2.686016,4.635293,1.8958805,0.5073168,-5.8061647,-6.5663767,3.5372052,2.283175,-1.0414791,-0.83813894,0.56811136,-0.5112401,1.4015622,-1.4017785,-0.47207227,-7.475722,-14.438435,-14.601305,-13.407604,-15.188442,-15.829958,-16.265078,-15.56996,-20.21458
24,-10.9079895,-14.930763,-10.466419,-14.847,-2.2085505,-0.41842973,-1.0658034,-0.59461695,1.8740517,-2.013497,-3.8569984,-1.4209312,-1.112251,1.2044557,-6.655241,-1.96234,-1.4728014,8.900585,-2.221407,-2.2122865,-1.4023151,0.34732348,-5.0112696,-3.4377184,-9.771181,-11.627792,-11.659234,-13.2437105,-14.941427,-16.216888,-16.497372,-15.001781,-14.9713745
25,-11.401212,-17.934223,-10.228687,-17.892975,-3.2769048,2.7951345,8.692375,-1.1674466,2.6455488,-0.19248259,1.5238025,-0.41564745,-4.1563377,-0.24608713,-4.893112,-1.2479026,-1.5181193,-0.5069343,-3.7361531,-3.4054003,-3.918486,-1.5446053,-2.715631,-1.7530172,-2.0584822,-8.098206,-9.231571,-9.965596,-15.128252,-15.320237,-14.396063,-15.486907,-17.954422
26,-12.608162,-18.37081,-11.726107,-18.396305,-0.09066574,0.019572914,1.8269953,-0.6434567,1.2680714,0.7648438,1.0420716,0.07871926,-1.5948093,0.77737105,0.6368051,0.56166816,0.96660334,1.3721195,-1.187336,-1.3600919,-1.3709404,0.67045665,-2.582365,-3.332354,-7.0754147,-10.604935,-12.091195,-11.677618,-15.590552,-15.71967,-15.458379,-15.797602,-18.36459
27,-12.06027,-20.470453,-15.463401,-20.426546,4.0385165,-0.5196035,-4.3532867,2.2717137,-1.3205942,-5.67171,-2.2211478,-0.17895329,2.8161576,-5.724557,0.11144523,-2.684948,-1.2659332,-1.9478847,1.4693767,1.647753,2.9383442,0.39521557,-2.3560452,-1.5250263,-8.904212,-15.713424,-16.269457,-14.978472,-15.051548,-15.780506,-15.918407,-15.128281,-20.446632
28,-13.204805,-18.044384,-12.86706,-18.05673,0.36347315,0.13709112,0.6020195,0.085195586,1.5410554,-0.106387116,0.18313164,0.2803302,0.0067937523,0.479689,-0.032571673,-0.72478986,-0.6011518,-0.22982085,-0.44787353,-0.2810917,-0.9399371,-0.41423988,-2.4428868,-0.81799865,-8.968287,-13.539845,-13.813678,-14.05044,-15.432562,-15.933165,-15.8141575,-16.052809,-18.03814
29,-14.265064,-20.204002,-14.790982,-20.179893,1.1621239,1.3331194,-0.43946058,1.3937544,1.0275493,0.7415044,0.6549586,1.8012698,-0.56493795,0.70134807,1.310836,-0.5096782,0.16184518,-0.3912471,-2.3919075,-2.2986608,-0.87024075,-0.45905292,-2.5721123,-6.2035675,-8.1014385,-12.596414,-13.841576,-12.853574,-15.3606205,-15.437468,-15.882164,-15.790827,-20.199474
30,-11.17403,-15.274107,-11.71641,-15.222648,0.8915534,1.437793,-3.3058848,-0.7239991,1.5076679,-2.9286792,1.0943949,0.77848804,-1.4082813,-4.725362,7.2365265,-1.1952949,1.4137175,-2.3790574,-3.4150755,-3.9656577,-1.8331901,-0.07606422,-4.753658,-5.068682,-7.250848,-13.595994,-12.7593,-11.903048,-15.2739315,-14.952064,-15.89021,-16.122683,-15.183604
31,-8.144907,-8.962854,-7.902844,-8.938459,-2.120724,-2.9282007,-1.4397706,-3.3348832,0.39098874,-0.6252135,8.778347,-1.3627417,-1.401603,-2.006351,-0.850253,5.620149,0.814957,-0.63492316,-4.9754467,-3.2636404,-1.5920538,0.18834549,-3.2819748,-2.4036021,-4.505816,-10.055304,-9.249836,-9.47102,-15.200795,-14.308384,-14.5081215,-13.831281,-9.016138
32,-9.431896,-20.722506,-10.848163,-20.674114,-2.4458027,1.1594667,1.0249969,-1.8981371,6.5631094,-3.0305388,-0.024538755,2.9934044,-2.6069477,-2.5901246,-1.9860626,-1.2134168,-1.0233173,0.4906947,-2.0083103,-1.9859662,-2.163696,-0.062264055,-3.0693152,-2.4439921,-6.6693,-11.08869,-9.878017,-11.767347,-15.649954,-15.226347,-15.708418,-14.914694,-20.589512
33,-12.694778,-18.90006,-11.80975,-18.89711,-0.2560414,0.17001183,-0.52453214,0.07617988,1.4814112,0.09758142,1.3863846,1.3548189,-0.38018367,-0.28590792,0.17185593,1.8805845,0.986638,-0.24970207,-1.5492781,-1.1844213,-1.1501724,0.74135035,-3.1237097,-6.355543,-5.862417,-9.680579,-12.485668,-11.075497,-15.674908,-15.296644,-15.375452,-15.369177,-18.870403
34,-12.470327,-18.174229,-12.869476,-18.195616,-0.15673482,0.14691757,-1.1212213,-1.914218,-0.33314234,1.8045912,-0.75855684,-1.6239505,-3.046282,4.947272,-2.1578217,0.002509892,-1.0329987,-0.5790761,-0.1714084,-0.14380243,-1.5320275,-1.2379968,-2.627809,-2.8673706,-9.247468,-13.84677,-12.124096,-14.470208,-16.270405,-15.889842,-16.452919,-16.014917,-18.183826
35,-14.002271,-21.133646,-14.514662,-21.140055,5.0941715,0.059244,-1.9680545,0.538365,-0.32019532,-2.6246138,-0.076456636,-0.78863883,0.85238534,-5.0899863,-7.270399,-1.6333218,0.46023804,-2.6889853,1.9487369,1.935618,1.9143687,0.8764192,0.73533154,-2.9135976,-7.407009,-16.402573,-14.901958,-15.419074,-15.685591,-16.571314,-16.381157,-16.540485,-21.158087
36,-11.825647,-20.304596,-12.615992,-20.352345,0.15019193,-2.1136475,-4.624226,0.9262432,-1.5038376,0.662768,3.2421117,0.4581514,0.46414825,-3.0639234,-6.2584558,2.716399,2.7947237,-1.5842606,-3.0501494,-2.1079893,0.33089426,0.6259751,-2.7611263,-4.709181,-6.911188,-14.007863,-13.70237,-11.361311,-15.703166,-15.331418,-14.689297,-15.383358,-20.24933
37,-11.012821,-20.565397,-11.675153,-20.605408,-0.009252768,0.020597558,-3.559433,1.1552393,1.49478,-1.8756871,1.238549,2.7065864,0.21188712,-3.313959,-3.4387586,2.7629285,0.754919,0.24353413,-1.7272834,-1.7831903,-0.35724187,-1.0177655,-4.8062444,-0.37366003,-6.619666,-12.436472,-12.260483,-12.37537,-15.532737,-15.7815275,-15.957569,-15.205772,-20.490835
38,-9.810036,-16.226095,-12.211835,-16.233917,-0.17216401,-2.2026882,-2.28044,-2.3075516,0.3118433,-4.310013,5.825697,0.15304232,-1.2280142,-5.646746,-1.5896266,2.2553244,2.5365338,0.24605569,-1.6660188,0.8087463,-1.7934684,4.71916,-1.3983411,-2.4145725,-8.061031,-13.541726,-12.306898,-11.988272,-15.644287,-15.069949,-15.267449,-14.832517,-16.146488
39,-7.773239,-19.14458,-10.6222725,-19.003792,3.411282,4.00263,-1.8982375,5.879204,-0.1887812,-2.481802,-4.165499,-0.1827271,1.4495758,-5.2327414,1.2142947,-4.2452965,-3.4271898,-4.6940284,-1.6931803,-4.252102,0.11962959,-4.2815695,-6.0673294,-3.7823482,-6.910921,-12.970129,-12.053154,-12.127936,-13.843934,-14.434541,-14.51753,-14.010774,-19.149496
40,-10.607752,-14.219933,-9.5017185,-14.142458,-3.337419,0.6708927,1.1829306,-0.19871324,-0.5692295,8.200777,-1.9658852,-1.4488143,-2.7884305,3.642077,-3.9939368,0.16354007,2.8424616,0.6629951,-4.468892,-2.0731506,-2.7596147,-0.8657733,-5.4507847,-4.762687,-5.59516,-7.164728,-8.224481,-5.989322,-14.841872,-12.8159,-14.514566,-13.395065,-14.245766
41,-13.399689,-19.130268,-13.776497,-19.1038,0.27531716,0.9349768,-0.3979985,0.13529846,1.436438,0.27694187,0.07365841,1.7023693,0.06704164,-0.59153634,1.1412334,0.7420269,0.036817983,0.21601208,-0.66398835,-1.3096657,-0.5396656,-0.5767551,-2.705184,-4.774971,-8.443268,-13.193911,-13.918216,-13.34025,-15.657087,-15.763566,-15.618069,-15.631599,-19.143764
42,-14.587152,-21.832188,-15.052989,-21.807096,5.232672,-1.7205639,-3.7245798,1.617492,-1.08049,-3.7825613,-1.2735854,-0.85821646,1.4693433,-4.8164988,-1.7351332,-2.2313466,-0.42149782,-2.317215,2.8399315,0.63216543,1.4964728,-0.27483538,-2.0738573,-4.7579994,-6.0530386,-13.640241,-13.9962635,-13.747525,-15.068687,-15.593837,-15.331836,-16.135141,-21.79651
43,-13.172172,-19.388613,-13.279846,-19.37864,1.0623454,-1.1772566,-2.635303,0.4649094,-0.13418071,-1.3421118,-0.5150862,-0.070941046,0.67839813,-2.1029418,-3.496594,-0.98271245,-0.16403696,-1.3066738,2.5926116,3.5131292,-0.8989927,1.6990807,-0.34404784,-1.7879462,-6.9920797,-13.147533,-13.514341,-13.173094,-15.413607,-16.067211,-15.528545,-16.109818,-19.363678
44,-13.743866,-19.24481,-13.681255,-19.221996,0.76999915,0.60621405,-0.36780274,0.55427474,1.4215035,-0.5177205,-0.27703547,1.31984,0.4184823,-0.8204498,0.53440475,0.044265658,-0.2891222,-0.028266795,-0.023913726,-0.770215,-0.81322277,-0.24365947,-2.368259,-3.7753558,-8.164445,-13.021566,-14.065568,-13.408938,-15.586457,-15.836777,-15.689823,-15.837701,-19.25744
45,-13.838907,-19.476835,-14.007986,-19.477293,-0.46818858,-0.06744391,2.716042,-4.057841,0.76615286,-2.0483608,2.959053,-1.8768725,-5.836087,-2.4187493,-3.6857042,1.5537276,1.1591325,1.079273,0.03458345,-0.7513333,-0.7078245,1.6007857,-2.366682,-0.7572191,-8.807158,-14.298979,-13.68293,-14.232897,-15.542097,-15.655626,-15.804457,-15.318368,-19.27322
46,-12.949918,-21.107538,-12.682774,-21.06073,-2.3764243,4.618577,0.1386508,1.2517238,4.0003834,-3.1304293,-3.0456367,1.0484767,-1.0384665,-1.7533169,-5.815739,-2.14914,-3.225862,-2.044333,0.388062,-0.035328925,-1.8930876,-0.8030647,-1.5370665,1.8454068,-10.595815,-16.244244,-13.820803,-15.5900955,-15.066283,-15.584014,-16.798706,-15.953718,-21.046892
47,-9.006104,-12.801745,-11.768435,-12.8234215,3.5424395,-3.780272,-4.2110953,-0.9172888,-2.2777128,-3.7973223,-3.9966931,-1.4938383,2.097575,-1.798661,-7.053592,-4.102779,-1.082176,0.20277,-0.42689723,-1.6591604,7.647525,1.0610353,-3.4659586,-3.5970993,-9.669032,-12.408072,-9.999159,-12.771367,-15.252552,-16.477694,-14.466082,-15.462248,-12.886516
48,-16.220686,-18.212225,-14.917572,-18.209421,0.5427073,0.65212756,-0.6281308,2.7442737,0.2070872,2.1536722,-1.2089207,0.8339692,1.9112842,0.40506107,1.0597134,-0.24755612,0.011705875,-1.1465638,-0.81250304,-1.037236,-0.84658283,-1.3262887,-3.6098225,-6.05254,-7.8750935,-11.880404,-13.24117,-11.6873665,-15.584147,-15.509912,-15.243851,-15.038653,-18.197742
49,-7.9659047,-11.681222,-10.27692,-11.662148,-1.1751993,-2.3821342,-0.42597842,-2.9969027,-0.25840154,-2.609942,8.667519,-1.097754,-2.1777716,-3.357317,-0.46517035,1.9333692,-0.2515491,-1.4238646,-3.652678,-2.593412,-1.4793016,0.8406509,-1.2793504,-0.9056416,-5.614973,-12.269574,-11.351136,-11.593711,-15.619946,-14.958642,-15.007281,-14.912595,-11.676671
50,-13.48938,-20.29153,-12.762285,-20.2729,0.6680275,3.2778575,-0.7893201,5.559727,-0.030182898,-4.961076,-3.8030982,2.109631,4.159463,-5.439667,-2.7555337,-3.9117208,-4.1121264,-3.2072294,-1.195327,-2.979415,-0.45267558,-4.169113,-4.895835,1.3516594,-7.949184,-13.982587,-12.781068,-13.138866,-13.904309,-15.71245,-15.412125,-15.356462,-20.311186
51,-12.290098,-17.820854,-12.69331,-17.83149,-0.4071619,0.79039747,1.4736686,0.858471,0.2742768,-1.8181833,1.3514466,0.26450408,-0.47657505,-2.2560384,0.6264342,-0.09625045,1.8923359,0.46291387,-1.3041017,-0.27906033,0.523654,0.2932769,-3.2780166,-1.5916667,-7.2222233,-12.854257,-13.111925,-12.81238,-16.16622,-15.923644,-16.250675,-16.03706,-17.784882
52,-14.151478,-19.208305,-16.237635,-19.214577,0.47359654,-0.8307794,-1.9915719,0.57583535,1.1991814,-3.6683574,-3.6964326,-1.0039679,-0.19793572,-3.837438,-4.4504123,-5.485334,-1.4382088,-1.4652028,4.8265924,4.504538,-0.8009145,0.0366863,-2.225428,-4.977396,-13.749259,-16.790562,-15.872007,-15.432409,-15.583667,-16.269823,-15.8467245,-17.036297,-19.078533
53,-12.79586,-18.461384,-12.907696,-18.451414,0.75880796,0.16482866,0.0080990195,0.1792289,1.0069236,0.44704467,0.70482147,0.8948171,0.03096522,-0.21851797,0.84207535,0.7719225,0.47728884,0.294591,-0.67261946,-1.1756575,-0.5929744,-0.2636431,-1.8612845,-4.8878374,-7.592063,-12.325191,-13.820193,-12.638217,-15.589003,-15.853923,-15.747581,-15.866224,-18.481247
